1	0.0	0.0
2	0.0	0.0
3	0.0	0.0
4	0.0	0.0
5	0.0	0.0
6	0.0	0.0
7	0.0	0.0
8	0.0	0.0
9	0.0	0.0
10	0.0	0.0
11	0.0	0.0
12	0.0	0.0
13	0.038461538461538464	0.07692307692307693
14	0.038461538461538464	0.07142857142857142
15	0.038461538461538464	0.06666666666666667
16	0.038461538461538464	0.0625
17	0.07692307692307693	0.11764705882352941
18	0.11538461538461539	0.16666666666666666
19	0.11538461538461539	0.15789473684210525
20	0.15384615384615385	0.2
21	0.15384615384615385	0.19047619047619047
22	0.19230769230769232	0.22727272727272727
23	0.19230769230769232	0.21739130434782608
24	0.19230769230769232	0.20833333333333334
25	0.23076923076923078	0.24
26	0.23076923076923078	0.23076923076923078
27	0.23076923076923078	0.2222222222222222
28	0.23076923076923078	0.21428571428571427
29	0.23076923076923078	0.20689655172413793
30	0.2692307692307692	0.23333333333333334
