1	0.05555555555555555	1.0
2	0.1111111111111111	1.0
3	0.16666666666666666	1.0
4	0.16666666666666666	0.75
5	0.2222222222222222	0.8
6	0.2222222222222222	0.6666666666666666
7	0.2777777777777778	0.7142857142857143
8	0.3333333333333333	0.75
9	0.3888888888888889	0.7777777777777778
10	0.3888888888888889	0.7
11	0.3888888888888889	0.6363636363636364
12	0.3888888888888889	0.5833333333333334
13	0.3888888888888889	0.5384615384615384
14	0.3888888888888889	0.5
15	0.3888888888888889	0.4666666666666667
16	0.3888888888888889	0.4375
17	0.3888888888888889	0.4117647058823529
18	0.3888888888888889	0.3888888888888889
19	0.3888888888888889	0.3684210526315789
20	0.3888888888888889	0.35
21	0.3888888888888889	0.3333333333333333
22	0.3888888888888889	0.3181818181818182
23	0.4444444444444444	0.34782608695652173
24	0.4444444444444444	0.3333333333333333
25	0.4444444444444444	0.32
26	0.4444444444444444	0.3076923076923077
27	0.4444444444444444	0.2962962962962963
28	0.4444444444444444	0.2857142857142857
29	0.4444444444444444	0.27586206896551724
30	0.4444444444444444	0.26666666666666666
