1	0.045454545454545456	1.0
2	0.09090909090909091	1.0
3	0.13636363636363635	1.0
4	0.13636363636363635	0.75
5	0.18181818181818182	0.8
6	0.18181818181818182	0.6666666666666666
7	0.22727272727272727	0.7142857142857143
8	0.22727272727272727	0.625
9	0.22727272727272727	0.5555555555555556
10	0.22727272727272727	0.5
11	0.2727272727272727	0.5454545454545454
12	0.2727272727272727	0.5
13	0.2727272727272727	0.46153846153846156
14	0.2727272727272727	0.42857142857142855
15	0.2727272727272727	0.4
16	0.2727272727272727	0.375
17	0.2727272727272727	0.35294117647058826
18	0.2727272727272727	0.3333333333333333
19	0.2727272727272727	0.3157894736842105
20	0.2727272727272727	0.3
21	0.2727272727272727	0.2857142857142857
22	0.2727272727272727	0.2727272727272727
23	0.2727272727272727	0.2608695652173913
24	0.2727272727272727	0.25
25	0.2727272727272727	0.24
26	0.3181818181818182	0.2692307692307692
27	0.36363636363636365	0.2962962962962963
28	0.4090909090909091	0.32142857142857145
29	0.4090909090909091	0.3103448275862069
30	0.4090909090909091	0.3
