1	0.06666666666666667	1.0
2	0.06666666666666667	0.5
3	0.06666666666666667	0.3333333333333333
4	0.13333333333333333	0.5
5	0.2	0.6
6	0.2	0.5
7	0.2	0.42857142857142855
8	0.26666666666666666	0.5
9	0.26666666666666666	0.4444444444444444
10	0.26666666666666666	0.4
11	0.26666666666666666	0.36363636363636365
12	0.26666666666666666	0.3333333333333333
13	0.26666666666666666	0.3076923076923077
14	0.26666666666666666	0.2857142857142857
15	0.3333333333333333	0.3333333333333333
16	0.3333333333333333	0.3125
17	0.4	0.35294117647058826
18	0.4	0.3333333333333333
19	0.4	0.3157894736842105
20	0.4	0.3
21	0.4	0.2857142857142857
22	0.4	0.2727272727272727
23	0.4	0.2608695652173913
24	0.4	0.25
25	0.4	0.24
26	0.4666666666666667	0.2692307692307692
27	0.4666666666666667	0.25925925925925924
28	0.4666666666666667	0.25
29	0.4666666666666667	0.2413793103448276
30	0.4666666666666667	0.23333333333333334
