1	0.07692307692307693	1.0
2	0.15384615384615385	1.0
3	0.23076923076923078	1.0
4	0.3076923076923077	1.0
5	0.3076923076923077	0.8
6	0.3076923076923077	0.6666666666666666
7	0.3076923076923077	0.5714285714285714
8	0.3076923076923077	0.5
9	0.38461538461538464	0.5555555555555556
10	0.38461538461538464	0.5
11	0.38461538461538464	0.45454545454545453
12	0.38461538461538464	0.4166666666666667
13	0.38461538461538464	0.38461538461538464
14	0.38461538461538464	0.35714285714285715
15	0.46153846153846156	0.4
16	0.5384615384615384	0.4375
17	0.5384615384615384	0.4117647058823529
18	0.5384615384615384	0.3888888888888889
19	0.5384615384615384	0.3684210526315789
20	0.5384615384615384	0.35
21	0.5384615384615384	0.3333333333333333
22	0.5384615384615384	0.3181818181818182
23	0.6153846153846154	0.34782608695652173
24	0.6153846153846154	0.3333333333333333
25	0.6153846153846154	0.32
26	0.6153846153846154	0.3076923076923077
27	0.6153846153846154	0.2962962962962963
28	0.6153846153846154	0.2857142857142857
29	0.6153846153846154	0.27586206896551724
30	0.6153846153846154	0.26666666666666666
