1	0.01282051282051282	1.0
2	0.02564102564102564	1.0
3	0.038461538461538464	1.0
4	0.05128205128205128	1.0
5	0.0641025641025641	1.0
6	0.07692307692307693	1.0
7	0.08974358974358974	1.0
8	0.10256410256410256	1.0
9	0.10256410256410256	0.8888888888888888
10	0.11538461538461539	0.9
11	0.11538461538461539	0.8181818181818182
12	0.1282051282051282	0.8333333333333334
13	0.14102564102564102	0.8461538461538461
14	0.15384615384615385	0.8571428571428571
15	0.16666666666666666	0.8666666666666667
16	0.16666666666666666	0.8125
17	0.1794871794871795	0.8235294117647058
18	0.1794871794871795	0.7777777777777778
19	0.19230769230769232	0.7894736842105263
20	0.20512820512820512	0.8
21	0.21794871794871795	0.8095238095238095
22	0.23076923076923078	0.8181818181818182
23	0.24358974358974358	0.8260869565217391
24	0.24358974358974358	0.7916666666666666
25	0.24358974358974358	0.76
26	0.2564102564102564	0.7692307692307693
27	0.2564102564102564	0.7407407407407407
28	0.2564102564102564	0.7142857142857143
29	0.2692307692307692	0.7241379310344828
30	0.28205128205128205	0.7333333333333333
