1	0.058823529411764705	1.0
2	0.11764705882352941	1.0
3	0.17647058823529413	1.0
4	0.17647058823529413	0.75
5	0.17647058823529413	0.6
6	0.23529411764705882	0.6666666666666666
7	0.23529411764705882	0.5714285714285714
8	0.23529411764705882	0.5
9	0.23529411764705882	0.4444444444444444
10	0.23529411764705882	0.4
11	0.23529411764705882	0.36363636363636365
12	0.23529411764705882	0.3333333333333333
13	0.23529411764705882	0.3076923076923077
14	0.29411764705882354	0.35714285714285715
15	0.29411764705882354	0.3333333333333333
16	0.29411764705882354	0.3125
17	0.29411764705882354	0.29411764705882354
18	0.35294117647058826	0.3333333333333333
19	0.4117647058823529	0.3684210526315789
20	0.4117647058823529	0.35
21	0.4117647058823529	0.3333333333333333
22	0.4117647058823529	0.3181818181818182
23	0.4117647058823529	0.30434782608695654
24	0.4117647058823529	0.2916666666666667
25	0.4117647058823529	0.28
26	0.4117647058823529	0.2692307692307692
27	0.4117647058823529	0.25925925925925924
28	0.4117647058823529	0.25
29	0.4117647058823529	0.2413793103448276
30	0.4117647058823529	0.23333333333333334
