1	0.010526315789473684	1.0
2	0.021052631578947368	1.0
3	0.031578947368421054	1.0
4	0.042105263157894736	1.0
5	0.05263157894736842	1.0
6	0.06315789473684211	1.0
7	0.07368421052631578	1.0
8	0.08421052631578947	1.0
9	0.09473684210526316	1.0
10	0.10526315789473684	1.0
11	0.11578947368421053	1.0
12	0.12631578947368421	1.0
13	0.1368421052631579	1.0
14	0.14736842105263157	1.0
15	0.15789473684210525	1.0
16	0.16842105263157894	1.0
17	0.17894736842105263	1.0
18	0.18947368421052632	1.0
19	0.2	1.0
20	0.21052631578947367	1.0
21	0.22105263157894736	1.0
22	0.23157894736842105	1.0
23	0.24210526315789474	1.0
24	0.25263157894736843	1.0
25	0.2631578947368421	1.0
26	0.2736842105263158	1.0
27	0.28421052631578947	1.0
28	0.29473684210526313	1.0
29	0.30526315789473685	1.0
30	0.3157894736842105	1.0
