1	0.07142857142857142	1.0
2	0.07142857142857142	0.5
3	0.14285714285714285	0.6666666666666666
4	0.21428571428571427	0.75
5	0.2857142857142857	0.8
6	0.35714285714285715	0.8333333333333334
7	0.42857142857142855	0.8571428571428571
8	0.5	0.875
9	0.5714285714285714	0.8888888888888888
10	0.5714285714285714	0.8
11	0.6428571428571429	0.8181818181818182
12	0.6428571428571429	0.75
13	0.6428571428571429	0.6923076923076923
14	0.7142857142857143	0.7142857142857143
15	0.7142857142857143	0.6666666666666666
16	0.7142857142857143	0.625
17	0.7142857142857143	0.5882352941176471
18	0.7857142857142857	0.6111111111111112
19	0.7857142857142857	0.5789473684210527
20	0.7857142857142857	0.55
21	0.7857142857142857	0.5238095238095238
22	0.7857142857142857	0.5
23	0.7857142857142857	0.4782608695652174
24	0.7857142857142857	0.4583333333333333
25	0.7857142857142857	0.44
26	0.7857142857142857	0.4230769230769231
27	0.7857142857142857	0.4074074074074074
28	0.8571428571428571	0.42857142857142855
29	0.8571428571428571	0.41379310344827586
30	0.8571428571428571	0.4
