1	0.0	0.0
2	0.0	0.0
3	0.0	0.0
4	0.0	0.0
5	0.03225806451612903	0.2
6	0.06451612903225806	0.3333333333333333
7	0.06451612903225806	0.2857142857142857
8	0.06451612903225806	0.25
9	0.06451612903225806	0.2222222222222222
10	0.06451612903225806	0.2
11	0.06451612903225806	0.18181818181818182
12	0.06451612903225806	0.16666666666666666
13	0.0967741935483871	0.23076923076923078
14	0.0967741935483871	0.21428571428571427
15	0.12903225806451613	0.26666666666666666
16	0.12903225806451613	0.25
17	0.12903225806451613	0.23529411764705882
18	0.12903225806451613	0.2222222222222222
19	0.12903225806451613	0.21052631578947367
20	0.12903225806451613	0.2
21	0.12903225806451613	0.19047619047619047
22	0.12903225806451613	0.18181818181818182
23	0.12903225806451613	0.17391304347826086
24	0.12903225806451613	0.16666666666666666
25	0.12903225806451613	0.16
26	0.16129032258064516	0.19230769230769232
27	0.16129032258064516	0.18518518518518517
28	0.1935483870967742	0.21428571428571427
29	0.1935483870967742	0.20689655172413793
30	0.1935483870967742	0.2
