1	0.017543859649122806	1.0
2	0.03508771929824561	1.0
3	0.05263157894736842	1.0
4	0.07017543859649122	1.0
5	0.08771929824561403	1.0
6	0.10526315789473684	1.0
7	0.12280701754385964	1.0
8	0.14035087719298245	1.0
9	0.15789473684210525	1.0
10	0.17543859649122806	1.0
11	0.19298245614035087	1.0
12	0.21052631578947367	1.0
13	0.22807017543859648	1.0
14	0.24561403508771928	1.0
15	0.2631578947368421	1.0
16	0.2807017543859649	1.0
17	0.2982456140350877	1.0
18	0.3157894736842105	1.0
19	0.3333333333333333	1.0
20	0.3508771929824561	1.0
21	0.3684210526315789	1.0
22	0.38596491228070173	1.0
23	0.40350877192982454	1.0
24	0.42105263157894735	1.0
25	0.43859649122807015	1.0
26	0.45614035087719296	1.0
27	0.47368421052631576	1.0
28	0.49122807017543857	1.0
29	0.5087719298245614	1.0
30	0.5263157894736842	1.0
