1	0.058823529411764705	1.0
2	0.11764705882352941	1.0
3	0.11764705882352941	0.6666666666666666
4	0.17647058823529413	0.75
5	0.23529411764705882	0.8
6	0.23529411764705882	0.6666666666666666
7	0.23529411764705882	0.5714285714285714
8	0.23529411764705882	0.5
9	0.23529411764705882	0.4444444444444444
10	0.29411764705882354	0.5
11	0.29411764705882354	0.45454545454545453
12	0.35294117647058826	0.5
13	0.35294117647058826	0.46153846153846156
14	0.35294117647058826	0.42857142857142855
15	0.35294117647058826	0.4
16	0.35294117647058826	0.375
17	0.35294117647058826	0.35294117647058826
18	0.35294117647058826	0.3333333333333333
19	0.35294117647058826	0.3157894736842105
20	0.35294117647058826	0.3
21	0.35294117647058826	0.2857142857142857
22	0.35294117647058826	0.2727272727272727
23	0.35294117647058826	0.2608695652173913
24	0.35294117647058826	0.25
25	0.4117647058823529	0.28
26	0.4117647058823529	0.2692307692307692
27	0.4117647058823529	0.25925925925925924
28	0.4117647058823529	0.25
29	0.4117647058823529	0.2413793103448276
30	0.47058823529411764	0.26666666666666666
