1	0.02857142857142857	1.0
2	0.05714285714285714	1.0
3	0.05714285714285714	0.6666666666666666
4	0.05714285714285714	0.5
5	0.05714285714285714	0.4
6	0.05714285714285714	0.3333333333333333
7	0.05714285714285714	0.2857142857142857
8	0.08571428571428572	0.375
9	0.11428571428571428	0.4444444444444444
10	0.11428571428571428	0.4
11	0.14285714285714285	0.45454545454545453
12	0.14285714285714285	0.4166666666666667
13	0.17142857142857143	0.46153846153846156
14	0.2	0.5
15	0.2	0.4666666666666667
16	0.22857142857142856	0.5
17	0.22857142857142856	0.47058823529411764
18	0.22857142857142856	0.4444444444444444
19	0.22857142857142856	0.42105263157894735
20	0.22857142857142856	0.4
21	0.22857142857142856	0.38095238095238093
22	0.22857142857142856	0.36363636363636365
23	0.22857142857142856	0.34782608695652173
24	0.22857142857142856	0.3333333333333333
25	0.22857142857142856	0.32
26	0.22857142857142856	0.3076923076923077
27	0.22857142857142856	0.2962962962962963
28	0.22857142857142856	0.2857142857142857
29	0.2571428571428571	0.3103448275862069
30	0.2571428571428571	0.3
