1	0.1	1.0
2	0.2	1.0
3	0.3	1.0
4	0.3	0.75
5	0.4	0.8
6	0.5	0.8333333333333334
7	0.6	0.8571428571428571
8	0.6	0.75
9	0.6	0.6666666666666666
10	0.6	0.6
11	0.6	0.5454545454545454
12	0.7	0.5833333333333334
13	0.7	0.5384615384615384
14	0.8	0.5714285714285714
15	0.8	0.5333333333333333
16	0.8	0.5
17	0.8	0.47058823529411764
18	0.8	0.4444444444444444
19	0.8	0.42105263157894735
20	0.8	0.4
21	0.8	0.38095238095238093
22	0.8	0.36363636363636365
23	0.8	0.34782608695652173
24	0.9	0.375
25	0.9	0.36
26	0.9	0.34615384615384615
27	1.0	0.37037037037037035
28	1.0	0.35714285714285715
29	1.0	0.3448275862068966
30	1.0	0.3333333333333333
