1	0.045454545454545456	1.0
2	0.045454545454545456	0.5
3	0.09090909090909091	0.6666666666666666
4	0.09090909090909091	0.5
5	0.13636363636363635	0.6
6	0.13636363636363635	0.5
7	0.18181818181818182	0.5714285714285714
8	0.22727272727272727	0.625
9	0.2727272727272727	0.6666666666666666
10	0.2727272727272727	0.6
11	0.2727272727272727	0.5454545454545454
12	0.2727272727272727	0.5
13	0.3181818181818182	0.5384615384615384
14	0.36363636363636365	0.5714285714285714
15	0.36363636363636365	0.5333333333333333
16	0.36363636363636365	0.5
17	0.36363636363636365	0.47058823529411764
18	0.36363636363636365	0.4444444444444444
19	0.36363636363636365	0.42105263157894735
20	0.36363636363636365	0.4
21	0.36363636363636365	0.38095238095238093
22	0.36363636363636365	0.36363636363636365
23	0.36363636363636365	0.34782608695652173
24	0.36363636363636365	0.3333333333333333
25	0.36363636363636365	0.32
26	0.36363636363636365	0.3076923076923077
27	0.36363636363636365	0.2962962962962963
28	0.36363636363636365	0.2857142857142857
29	0.36363636363636365	0.27586206896551724
30	0.36363636363636365	0.26666666666666666
