1	0.05	1.0
2	0.1	1.0
3	0.15	1.0
4	0.2	1.0
5	0.25	1.0
6	0.3	1.0
7	0.35	1.0
8	0.4	1.0
9	0.45	1.0
10	0.5	1.0
11	0.5	0.9090909090909091
12	0.5	0.8333333333333334
13	0.55	0.8461538461538461
14	0.55	0.7857142857142857
15	0.55	0.7333333333333333
16	0.6	0.75
17	0.6	0.7058823529411765
18	0.6	0.6666666666666666
19	0.65	0.6842105263157895
20	0.65	0.65
21	0.65	0.6190476190476191
22	0.7	0.6363636363636364
23	0.7	0.6086956521739131
24	0.7	0.5833333333333334
25	0.7	0.56
26	0.7	0.5384615384615384
27	0.7	0.5185185185185185
28	0.7	0.5
29	0.75	0.5172413793103449
30	0.75	0.5
