1	0.043478260869565216	1.0
2	0.08695652173913043	1.0
3	0.13043478260869565	1.0
4	0.17391304347826086	1.0
5	0.21739130434782608	1.0
6	0.2608695652173913	1.0
7	0.30434782608695654	1.0
8	0.34782608695652173	1.0
9	0.34782608695652173	0.8888888888888888
10	0.34782608695652173	0.8
11	0.34782608695652173	0.7272727272727273
12	0.391304347826087	0.75
13	0.43478260869565216	0.7692307692307693
14	0.43478260869565216	0.7142857142857143
15	0.43478260869565216	0.6666666666666666
16	0.4782608695652174	0.6875
17	0.4782608695652174	0.6470588235294118
18	0.4782608695652174	0.6111111111111112
19	0.5217391304347826	0.631578947368421
20	0.5217391304347826	0.6
21	0.5217391304347826	0.5714285714285714
22	0.5217391304347826	0.5454545454545454
23	0.5217391304347826	0.5217391304347826
24	0.5217391304347826	0.5
25	0.5217391304347826	0.48
26	0.5217391304347826	0.46153846153846156
27	0.5217391304347826	0.4444444444444444
28	0.5217391304347826	0.42857142857142855
29	0.5217391304347826	0.41379310344827586
30	0.5217391304347826	0.4
