1	0.1	1.0
2	0.2	1.0
3	0.3	1.0
4	0.4	1.0
5	0.4	0.8
6	0.4	0.6666666666666666
7	0.4	0.5714285714285714
8	0.4	0.5
9	0.5	0.5555555555555556
10	0.5	0.5
11	0.5	0.45454545454545453
12	0.5	0.4166666666666667
13	0.5	0.38461538461538464
14	0.5	0.35714285714285715
15	0.5	0.3333333333333333
16	0.6	0.375
17	0.7	0.4117647058823529
18	0.8	0.4444444444444444
19	0.8	0.42105263157894735
20	0.8	0.4
21	0.8	0.38095238095238093
22	0.8	0.36363636363636365
23	0.8	0.34782608695652173
24	0.8	0.3333333333333333
25	0.8	0.32
26	0.8	0.3076923076923077
27	0.8	0.2962962962962963
28	0.8	0.2857142857142857
29	0.8	0.27586206896551724
30	0.8	0.26666666666666666
