1	0.023809523809523808	1.0
2	0.047619047619047616	1.0
3	0.047619047619047616	0.6666666666666666
4	0.047619047619047616	0.5
5	0.047619047619047616	0.4
6	0.047619047619047616	0.3333333333333333
7	0.047619047619047616	0.2857142857142857
8	0.07142857142857142	0.375
9	0.09523809523809523	0.4444444444444444
10	0.09523809523809523	0.4
11	0.09523809523809523	0.36363636363636365
12	0.09523809523809523	0.3333333333333333
13	0.09523809523809523	0.3076923076923077
14	0.09523809523809523	0.2857142857142857
15	0.11904761904761904	0.3333333333333333
16	0.11904761904761904	0.3125
17	0.14285714285714285	0.35294117647058826
18	0.16666666666666666	0.3888888888888889
19	0.19047619047619047	0.42105263157894735
20	0.21428571428571427	0.45
21	0.21428571428571427	0.42857142857142855
22	0.23809523809523808	0.45454545454545453
23	0.2619047619047619	0.4782608695652174
24	0.2619047619047619	0.4583333333333333
25	0.2857142857142857	0.48
26	0.30952380952380953	0.5
27	0.30952380952380953	0.48148148148148145
28	0.30952380952380953	0.4642857142857143
29	0.30952380952380953	0.4482758620689655
30	0.30952380952380953	0.43333333333333335
