1	0.02857142857142857	1.0
2	0.05714285714285714	1.0
3	0.08571428571428572	1.0
4	0.11428571428571428	1.0
5	0.14285714285714285	1.0
6	0.14285714285714285	0.8333333333333334
7	0.14285714285714285	0.7142857142857143
8	0.17142857142857143	0.75
9	0.17142857142857143	0.6666666666666666
10	0.17142857142857143	0.6
11	0.2	0.6363636363636364
12	0.22857142857142856	0.6666666666666666
13	0.2571428571428571	0.6923076923076923
14	0.2571428571428571	0.6428571428571429
15	0.2857142857142857	0.6666666666666666
16	0.3142857142857143	0.6875
17	0.3142857142857143	0.6470588235294118
18	0.3142857142857143	0.6111111111111112
19	0.3142857142857143	0.5789473684210527
20	0.3142857142857143	0.55
21	0.3142857142857143	0.5238095238095238
22	0.3142857142857143	0.5
23	0.34285714285714286	0.5217391304347826
24	0.34285714285714286	0.5
25	0.34285714285714286	0.48
26	0.37142857142857144	0.5
27	0.37142857142857144	0.48148148148148145
28	0.37142857142857144	0.4642857142857143
29	0.37142857142857144	0.4482758620689655
30	0.4	0.4666666666666667
