1	0.0	0.0
2	0.02857142857142857	0.5
3	0.05714285714285714	0.6666666666666666
4	0.05714285714285714	0.5
5	0.08571428571428572	0.6
6	0.11428571428571428	0.6666666666666666
7	0.14285714285714285	0.7142857142857143
8	0.14285714285714285	0.625
9	0.17142857142857143	0.6666666666666666
10	0.2	0.7
11	0.22857142857142856	0.7272727272727273
12	0.22857142857142856	0.6666666666666666
13	0.2571428571428571	0.6923076923076923
14	0.2857142857142857	0.7142857142857143
15	0.2857142857142857	0.6666666666666666
16	0.2857142857142857	0.625
17	0.2857142857142857	0.5882352941176471
18	0.3142857142857143	0.6111111111111112
19	0.3142857142857143	0.5789473684210527
20	0.3142857142857143	0.55
21	0.3142857142857143	0.5238095238095238
22	0.3142857142857143	0.5
23	0.3142857142857143	0.4782608695652174
24	0.34285714285714286	0.5
25	0.34285714285714286	0.48
26	0.37142857142857144	0.5
27	0.37142857142857144	0.48148148148148145
28	0.37142857142857144	0.4642857142857143
29	0.37142857142857144	0.4482758620689655
30	0.37142857142857144	0.43333333333333335
