1	0.017543859649122806	1.0
2	0.03508771929824561	1.0
3	0.03508771929824561	0.6666666666666666
4	0.05263157894736842	0.75
5	0.07017543859649122	0.8
6	0.08771929824561403	0.8333333333333334
7	0.08771929824561403	0.7142857142857143
8	0.08771929824561403	0.625
9	0.08771929824561403	0.5555555555555556
10	0.08771929824561403	0.5
11	0.08771929824561403	0.45454545454545453
12	0.08771929824561403	0.4166666666666667
13	0.08771929824561403	0.38461538461538464
14	0.08771929824561403	0.35714285714285715
15	0.10526315789473684	0.4
16	0.10526315789473684	0.375
17	0.10526315789473684	0.35294117647058826
18	0.10526315789473684	0.3333333333333333
19	0.10526315789473684	0.3157894736842105
20	0.10526315789473684	0.3
21	0.10526315789473684	0.2857142857142857
22	0.10526315789473684	0.2727272727272727
23	0.10526315789473684	0.2608695652173913
24	0.10526315789473684	0.25
25	0.10526315789473684	0.24
26	0.12280701754385964	0.2692307692307692
27	0.12280701754385964	0.25925925925925924
28	0.12280701754385964	0.25
29	0.12280701754385964	0.2413793103448276
30	0.12280701754385964	0.23333333333333334
