1	0.0	0.0
2	0.041666666666666664	0.5
3	0.08333333333333333	0.6666666666666666
4	0.125	0.75
5	0.125	0.6
6	0.125	0.5
7	0.125	0.42857142857142855
8	0.16666666666666666	0.5
9	0.16666666666666666	0.4444444444444444
10	0.20833333333333334	0.5
11	0.20833333333333334	0.45454545454545453
12	0.25	0.5
13	0.2916666666666667	0.5384615384615384
14	0.2916666666666667	0.5
15	0.2916666666666667	0.4666666666666667
16	0.2916666666666667	0.4375
17	0.3333333333333333	0.47058823529411764
18	0.3333333333333333	0.4444444444444444
19	0.3333333333333333	0.42105263157894735
20	0.3333333333333333	0.4
21	0.3333333333333333	0.38095238095238093
22	0.3333333333333333	0.36363636363636365
23	0.3333333333333333	0.34782608695652173
24	0.3333333333333333	0.3333333333333333
25	0.3333333333333333	0.32
26	0.3333333333333333	0.3076923076923077
27	0.3333333333333333	0.2962962962962963
28	0.3333333333333333	0.2857142857142857
29	0.3333333333333333	0.27586206896551724
30	0.3333333333333333	0.26666666666666666
