1	0.03125	1.0
2	0.0625	1.0
3	0.0625	0.6666666666666666
4	0.09375	0.75
5	0.125	0.8
6	0.125	0.6666666666666666
7	0.15625	0.7142857142857143
8	0.1875	0.75
9	0.1875	0.6666666666666666
10	0.1875	0.6
11	0.1875	0.5454545454545454
12	0.1875	0.5
13	0.1875	0.46153846153846156
14	0.1875	0.42857142857142855
15	0.1875	0.4
16	0.1875	0.375
17	0.1875	0.35294117647058826
18	0.1875	0.3333333333333333
19	0.1875	0.3157894736842105
20	0.1875	0.3
21	0.21875	0.3333333333333333
22	0.21875	0.3181818181818182
23	0.25	0.34782608695652173
24	0.25	0.3333333333333333
25	0.25	0.32
26	0.25	0.3076923076923077
27	0.25	0.2962962962962963
28	0.25	0.2857142857142857
29	0.25	0.27586206896551724
30	0.25	0.26666666666666666
