1	0.09090909090909091	1.0
2	0.09090909090909091	0.5
3	0.09090909090909091	0.3333333333333333
4	0.09090909090909091	0.25
5	0.09090909090909091	0.2
6	0.09090909090909091	0.16666666666666666
7	0.09090909090909091	0.14285714285714285
8	0.09090909090909091	0.125
9	0.09090909090909091	0.1111111111111111
10	0.18181818181818182	0.2
11	0.18181818181818182	0.18181818181818182
12	0.18181818181818182	0.16666666666666666
13	0.2727272727272727	0.23076923076923078
14	0.2727272727272727	0.21428571428571427
15	0.2727272727272727	0.2
16	0.2727272727272727	0.1875
17	0.36363636363636365	0.23529411764705882
18	0.36363636363636365	0.2222222222222222
19	0.45454545454545453	0.2631578947368421
20	0.45454545454545453	0.25
21	0.5454545454545454	0.2857142857142857
22	0.6363636363636364	0.3181818181818182
23	0.6363636363636364	0.30434782608695654
24	0.6363636363636364	0.2916666666666667
25	0.6363636363636364	0.28
26	0.6363636363636364	0.2692307692307692
27	0.6363636363636364	0.25925925925925924
28	0.6363636363636364	0.25
29	0.6363636363636364	0.2413793103448276
30	0.6363636363636364	0.23333333333333334
