1	0.0	0.0
2	0.0	0.0
3	0.013888888888888888	0.3333333333333333
4	0.027777777777777776	0.5
5	0.027777777777777776	0.4
6	0.041666666666666664	0.5
7	0.041666666666666664	0.42857142857142855
8	0.05555555555555555	0.5
9	0.05555555555555555	0.4444444444444444
10	0.05555555555555555	0.4
11	0.05555555555555555	0.36363636363636365
12	0.06944444444444445	0.4166666666666667
13	0.06944444444444445	0.38461538461538464
14	0.06944444444444445	0.35714285714285715
15	0.06944444444444445	0.3333333333333333
16	0.06944444444444445	0.3125
17	0.06944444444444445	0.29411764705882354
18	0.06944444444444445	0.2777777777777778
19	0.08333333333333333	0.3157894736842105
20	0.08333333333333333	0.3
21	0.09722222222222222	0.3333333333333333
22	0.1111111111111111	0.36363636363636365
23	0.125	0.391304347826087
24	0.125	0.375
25	0.125	0.36
26	0.125	0.34615384615384615
27	0.125	0.3333333333333333
28	0.125	0.32142857142857145
29	0.125	0.3103448275862069
30	0.125	0.3
