1	0.07142857142857142	1.0
2	0.07142857142857142	0.5
3	0.07142857142857142	0.3333333333333333
4	0.07142857142857142	0.25
5	0.14285714285714285	0.4
6	0.21428571428571427	0.5
7	0.21428571428571427	0.42857142857142855
8	0.21428571428571427	0.375
9	0.21428571428571427	0.3333333333333333
10	0.21428571428571427	0.3
11	0.2857142857142857	0.36363636363636365
12	0.35714285714285715	0.4166666666666667
13	0.42857142857142855	0.46153846153846156
14	0.42857142857142855	0.42857142857142855
15	0.42857142857142855	0.4
16	0.42857142857142855	0.375
17	0.42857142857142855	0.35294117647058826
18	0.42857142857142855	0.3333333333333333
19	0.42857142857142855	0.3157894736842105
20	0.5	0.35
21	0.5	0.3333333333333333
22	0.5	0.3181818181818182
23	0.5	0.30434782608695654
24	0.5	0.2916666666666667
25	0.5	0.28
26	0.5714285714285714	0.3076923076923077
27	0.5714285714285714	0.2962962962962963
28	0.5714285714285714	0.2857142857142857
29	0.5714285714285714	0.27586206896551724
30	0.5714285714285714	0.26666666666666666
