1	0.014084507042253521	1.0
2	0.028169014084507043	1.0
3	0.04225352112676056	1.0
4	0.056338028169014086	1.0
5	0.056338028169014086	0.8
6	0.07042253521126761	0.8333333333333334
7	0.08450704225352113	0.8571428571428571
8	0.09859154929577464	0.875
9	0.11267605633802817	0.8888888888888888
10	0.1267605633802817	0.9
11	0.1267605633802817	0.8181818181818182
12	0.14084507042253522	0.8333333333333334
13	0.15492957746478872	0.8461538461538461
14	0.16901408450704225	0.8571428571428571
15	0.18309859154929578	0.8666666666666667
16	0.19718309859154928	0.875
17	0.2112676056338028	0.8823529411764706
18	0.22535211267605634	0.8888888888888888
19	0.22535211267605634	0.8421052631578947
20	0.23943661971830985	0.85
21	0.23943661971830985	0.8095238095238095
22	0.2535211267605634	0.8181818181818182
23	0.2535211267605634	0.782608695652174
24	0.2676056338028169	0.7916666666666666
25	0.28169014084507044	0.8
26	0.29577464788732394	0.8076923076923077
27	0.29577464788732394	0.7777777777777778
28	0.30985915492957744	0.7857142857142857
29	0.30985915492957744	0.7586206896551724
30	0.323943661971831	0.7666666666666667
