1	0.010752688172043012	1.0
2	0.021505376344086023	1.0
3	0.03225806451612903	1.0
4	0.043010752688172046	1.0
5	0.053763440860215055	1.0
6	0.06451612903225806	1.0
7	0.07526881720430108	1.0
8	0.08602150537634409	1.0
9	0.0967741935483871	1.0
10	0.10752688172043011	1.0
11	0.11827956989247312	1.0
12	0.12903225806451613	1.0
13	0.13978494623655913	1.0
14	0.15053763440860216	1.0
15	0.16129032258064516	1.0
16	0.17204301075268819	1.0
17	0.1827956989247312	1.0
18	0.1935483870967742	1.0
19	0.20430107526881722	1.0
20	0.21505376344086022	1.0
21	0.22580645161290322	1.0
22	0.23655913978494625	1.0
23	0.24731182795698925	1.0
24	0.25806451612903225	1.0
25	0.26881720430107525	1.0
26	0.27956989247311825	1.0
27	0.2903225806451613	1.0
28	0.3010752688172043	1.0
29	0.3118279569892473	1.0
30	0.3225806451612903	1.0
