1	0.03225806451612903	1.0
2	0.03225806451612903	0.5
3	0.03225806451612903	0.3333333333333333
4	0.03225806451612903	0.25
5	0.06451612903225806	0.4
6	0.06451612903225806	0.3333333333333333
7	0.0967741935483871	0.42857142857142855
8	0.12903225806451613	0.5
9	0.12903225806451613	0.4444444444444444
10	0.12903225806451613	0.4
11	0.12903225806451613	0.36363636363636365
12	0.16129032258064516	0.4166666666666667
13	0.16129032258064516	0.38461538461538464
14	0.1935483870967742	0.42857142857142855
15	0.1935483870967742	0.4
16	0.1935483870967742	0.375
17	0.22580645161290322	0.4117647058823529
18	0.22580645161290322	0.3888888888888889
19	0.22580645161290322	0.3684210526315789
20	0.22580645161290322	0.35
21	0.25806451612903225	0.38095238095238093
22	0.25806451612903225	0.36363636363636365
23	0.25806451612903225	0.34782608695652173
24	0.25806451612903225	0.3333333333333333
25	0.25806451612903225	0.32
26	0.2903225806451613	0.34615384615384615
27	0.2903225806451613	0.3333333333333333
28	0.2903225806451613	0.32142857142857145
29	0.2903225806451613	0.3103448275862069
30	0.2903225806451613	0.3
