1	0.020833333333333332	1.0
2	0.041666666666666664	1.0
3	0.0625	1.0
4	0.08333333333333333	1.0
5	0.08333333333333333	0.8
6	0.08333333333333333	0.6666666666666666
7	0.10416666666666667	0.7142857142857143
8	0.10416666666666667	0.625
9	0.125	0.6666666666666666
10	0.125	0.6
11	0.125	0.5454545454545454
12	0.125	0.5
13	0.125	0.46153846153846156
14	0.125	0.42857142857142855
15	0.125	0.4
16	0.14583333333333334	0.4375
17	0.14583333333333334	0.4117647058823529
18	0.16666666666666666	0.4444444444444444
19	0.16666666666666666	0.42105263157894735
20	0.1875	0.45
21	0.1875	0.42857142857142855
22	0.20833333333333334	0.45454545454545453
23	0.20833333333333334	0.43478260869565216
24	0.20833333333333334	0.4166666666666667
25	0.20833333333333334	0.4
26	0.20833333333333334	0.38461538461538464
27	0.20833333333333334	0.37037037037037035
28	0.20833333333333334	0.35714285714285715
29	0.22916666666666666	0.3793103448275862
30	0.25	0.4
