1	0.058823529411764705	1.0
2	0.11764705882352941	1.0
3	0.17647058823529413	1.0
4	0.23529411764705882	1.0
5	0.29411764705882354	1.0
6	0.35294117647058826	1.0
7	0.4117647058823529	1.0
8	0.4117647058823529	0.875
9	0.4117647058823529	0.7777777777777778
10	0.4117647058823529	0.7
11	0.4117647058823529	0.6363636363636364
12	0.4117647058823529	0.5833333333333334
13	0.4117647058823529	0.5384615384615384
14	0.4117647058823529	0.5
15	0.4117647058823529	0.4666666666666667
16	0.47058823529411764	0.5
17	0.47058823529411764	0.47058823529411764
18	0.47058823529411764	0.4444444444444444
19	0.47058823529411764	0.42105263157894735
20	0.47058823529411764	0.4
21	0.47058823529411764	0.38095238095238093
22	0.5294117647058824	0.4090909090909091
23	0.5294117647058824	0.391304347826087
24	0.5294117647058824	0.375
25	0.5294117647058824	0.36
26	0.5294117647058824	0.34615384615384615
27	0.5294117647058824	0.3333333333333333
28	0.5294117647058824	0.32142857142857145
29	0.5294117647058824	0.3103448275862069
30	0.5294117647058824	0.3
