1	0.045454545454545456	1.0
2	0.09090909090909091	1.0
3	0.13636363636363635	1.0
4	0.18181818181818182	1.0
5	0.18181818181818182	0.8
6	0.18181818181818182	0.6666666666666666
7	0.18181818181818182	0.5714285714285714
8	0.18181818181818182	0.5
9	0.22727272727272727	0.5555555555555556
10	0.2727272727272727	0.6
11	0.2727272727272727	0.5454545454545454
12	0.2727272727272727	0.5
13	0.3181818181818182	0.5384615384615384
14	0.36363636363636365	0.5714285714285714
15	0.4090909090909091	0.6
16	0.45454545454545453	0.625
17	0.45454545454545453	0.5882352941176471
18	0.5	0.6111111111111112
19	0.5	0.5789473684210527
20	0.5454545454545454	0.6
21	0.5909090909090909	0.6190476190476191
22	0.6363636363636364	0.6363636363636364
23	0.6363636363636364	0.6086956521739131
24	0.6818181818181818	0.625
25	0.6818181818181818	0.6
26	0.6818181818181818	0.5769230769230769
27	0.6818181818181818	0.5555555555555556
28	0.6818181818181818	0.5357142857142857
29	0.6818181818181818	0.5172413793103449
30	0.6818181818181818	0.5
