1	0.01639344262295082	1.0
2	0.03278688524590164	1.0
3	0.04918032786885246	1.0
4	0.06557377049180328	1.0
5	0.08196721311475409	1.0
6	0.08196721311475409	0.8333333333333334
7	0.08196721311475409	0.7142857142857143
8	0.09836065573770492	0.75
9	0.09836065573770492	0.6666666666666666
10	0.11475409836065574	0.7
11	0.13114754098360656	0.7272727272727273
12	0.13114754098360656	0.6666666666666666
13	0.13114754098360656	0.6153846153846154
14	0.14754098360655737	0.6428571428571429
15	0.16393442622950818	0.6666666666666666
16	0.16393442622950818	0.625
17	0.18032786885245902	0.6470588235294118
18	0.18032786885245902	0.6111111111111112
19	0.19672131147540983	0.631578947368421
20	0.19672131147540983	0.6
21	0.19672131147540983	0.5714285714285714
22	0.21311475409836064	0.5909090909090909
23	0.21311475409836064	0.5652173913043478
24	0.21311475409836064	0.5416666666666666
25	0.21311475409836064	0.52
26	0.21311475409836064	0.5
27	0.22950819672131148	0.5185185185185185
28	0.2459016393442623	0.5357142857142857
29	0.2459016393442623	0.5172413793103449
30	0.2459016393442623	0.5
