1	0.07142857142857142	1.0
2	0.14285714285714285	1.0
3	0.14285714285714285	0.6666666666666666
4	0.14285714285714285	0.5
5	0.14285714285714285	0.4
6	0.14285714285714285	0.3333333333333333
7	0.14285714285714285	0.2857142857142857
8	0.14285714285714285	0.25
9	0.14285714285714285	0.2222222222222222
10	0.14285714285714285	0.2
11	0.14285714285714285	0.18181818181818182
12	0.14285714285714285	0.16666666666666666
13	0.14285714285714285	0.15384615384615385
14	0.14285714285714285	0.14285714285714285
15	0.21428571428571427	0.2
16	0.21428571428571427	0.1875
17	0.2857142857142857	0.23529411764705882
18	0.35714285714285715	0.2777777777777778
19	0.35714285714285715	0.2631578947368421
20	0.35714285714285715	0.25
21	0.35714285714285715	0.23809523809523808
22	0.35714285714285715	0.22727272727272727
23	0.35714285714285715	0.21739130434782608
24	0.35714285714285715	0.20833333333333334
25	0.35714285714285715	0.2
26	0.35714285714285715	0.19230769230769232
27	0.35714285714285715	0.18518518518518517
28	0.35714285714285715	0.17857142857142858
29	0.35714285714285715	0.1724137931034483
30	0.35714285714285715	0.16666666666666666
