1	0.019230769230769232	1.0
2	0.038461538461538464	1.0
3	0.057692307692307696	1.0
4	0.057692307692307696	0.75
5	0.07692307692307693	0.8
6	0.07692307692307693	0.6666666666666666
7	0.09615384615384616	0.7142857142857143
8	0.09615384615384616	0.625
9	0.11538461538461539	0.6666666666666666
10	0.1346153846153846	0.7
11	0.1346153846153846	0.6363636363636364
12	0.15384615384615385	0.6666666666666666
13	0.17307692307692307	0.6923076923076923
14	0.19230769230769232	0.7142857142857143
15	0.19230769230769232	0.6666666666666666
16	0.21153846153846154	0.6875
17	0.21153846153846154	0.6470588235294118
18	0.23076923076923078	0.6666666666666666
19	0.23076923076923078	0.631578947368421
20	0.23076923076923078	0.6
21	0.25	0.6190476190476191
22	0.2692307692307692	0.6363636363636364
23	0.2692307692307692	0.6086956521739131
24	0.2692307692307692	0.5833333333333334
25	0.2692307692307692	0.56
26	0.28846153846153844	0.5769230769230769
27	0.3076923076923077	0.5925925925925926
28	0.3076923076923077	0.5714285714285714
29	0.3076923076923077	0.5517241379310345
30	0.3076923076923077	0.5333333333333333
