1	0.011235955056179775	1.0
2	0.02247191011235955	1.0
3	0.033707865168539325	1.0
4	0.0449438202247191	1.0
5	0.056179775280898875	1.0
6	0.06741573033707865	1.0
7	0.07865168539325842	1.0
8	0.0898876404494382	1.0
9	0.10112359550561797	1.0
10	0.11235955056179775	1.0
11	0.12359550561797752	1.0
12	0.1348314606741573	1.0
13	0.14606741573033707	1.0
14	0.15730337078651685	1.0
15	0.16853932584269662	1.0
16	0.1797752808988764	1.0
17	0.19101123595505617	1.0
18	0.20224719101123595	1.0
19	0.21348314606741572	1.0
20	0.2247191011235955	1.0
21	0.23595505617977527	1.0
22	0.24719101123595505	1.0
23	0.25842696629213485	1.0
24	0.2696629213483146	1.0
25	0.2808988764044944	1.0
26	0.29213483146067415	1.0
27	0.30337078651685395	1.0
28	0.3146067415730337	1.0
29	0.3258426966292135	1.0
30	0.33707865168539325	1.0
