1	0.011494252873563218	1.0
2	0.022988505747126436	1.0
3	0.034482758620689655	1.0
4	0.04597701149425287	1.0
5	0.05747126436781609	1.0
6	0.06896551724137931	1.0
7	0.08045977011494253	1.0
8	0.09195402298850575	1.0
9	0.10344827586206896	1.0
10	0.11494252873563218	1.0
11	0.12643678160919541	1.0
12	0.13793103448275862	1.0
13	0.14942528735632185	1.0
14	0.16091954022988506	1.0
15	0.1724137931034483	1.0
16	0.1839080459770115	1.0
17	0.19540229885057472	1.0
18	0.20689655172413793	1.0
19	0.21839080459770116	1.0
20	0.22988505747126436	1.0
21	0.2413793103448276	1.0
22	0.25287356321839083	1.0
23	0.26436781609195403	1.0
24	0.27586206896551724	1.0
25	0.28735632183908044	1.0
26	0.2988505747126437	1.0
27	0.3103448275862069	1.0
28	0.3218390804597701	1.0
29	0.3333333333333333	1.0
30	0.3448275862068966	1.0
