1	0.0	0.0
2	0.03333333333333333	0.5
3	0.03333333333333333	0.3333333333333333
4	0.06666666666666667	0.5
5	0.06666666666666667	0.4
6	0.1	0.5
7	0.13333333333333333	0.5714285714285714
8	0.16666666666666666	0.625
9	0.2	0.6666666666666666
10	0.23333333333333334	0.7
11	0.23333333333333334	0.6363636363636364
12	0.23333333333333334	0.5833333333333334
13	0.26666666666666666	0.6153846153846154
14	0.26666666666666666	0.5714285714285714
15	0.26666666666666666	0.5333333333333333
16	0.26666666666666666	0.5
17	0.3	0.5294117647058824
18	0.3333333333333333	0.5555555555555556
19	0.3333333333333333	0.5263157894736842
20	0.3333333333333333	0.5
21	0.3333333333333333	0.47619047619047616
22	0.36666666666666664	0.5
23	0.36666666666666664	0.4782608695652174
24	0.4	0.5
25	0.4	0.48
26	0.4	0.46153846153846156
27	0.4	0.4444444444444444
28	0.4	0.42857142857142855
29	0.4	0.41379310344827586
30	0.4	0.4
