1	0.0	0.0
2	0.01694915254237288	0.5
3	0.01694915254237288	0.3333333333333333
4	0.01694915254237288	0.25
5	0.03389830508474576	0.4
6	0.03389830508474576	0.3333333333333333
7	0.05084745762711865	0.42857142857142855
8	0.06779661016949153	0.5
9	0.0847457627118644	0.5555555555555556
10	0.1016949152542373	0.6
11	0.1016949152542373	0.5454545454545454
12	0.1016949152542373	0.5
13	0.11864406779661017	0.5384615384615384
14	0.13559322033898305	0.5714285714285714
15	0.13559322033898305	0.5333333333333333
16	0.15254237288135594	0.5625
17	0.1694915254237288	0.5882352941176471
18	0.1864406779661017	0.6111111111111112
19	0.2033898305084746	0.631578947368421
20	0.2033898305084746	0.6
21	0.2033898305084746	0.5714285714285714
22	0.2033898305084746	0.5454545454545454
23	0.2033898305084746	0.5217391304347826
24	0.2033898305084746	0.5
25	0.2033898305084746	0.48
26	0.2033898305084746	0.46153846153846156
27	0.2033898305084746	0.4444444444444444
28	0.2033898305084746	0.42857142857142855
29	0.2033898305084746	0.41379310344827586
30	0.2033898305084746	0.4
