1	0.09090909090909091	1.0
2	0.18181818181818182	1.0
3	0.2727272727272727	1.0
4	0.36363636363636365	1.0
5	0.45454545454545453	1.0
6	0.45454545454545453	0.8333333333333334
7	0.45454545454545453	0.7142857142857143
8	0.5454545454545454	0.75
9	0.6363636363636364	0.7777777777777778
10	0.7272727272727273	0.8
11	0.8181818181818182	0.8181818181818182
12	0.9090909090909091	0.8333333333333334
13	0.9090909090909091	0.7692307692307693
14	0.9090909090909091	0.7142857142857143
15	1.0	0.7333333333333333
16	1.0	0.6875
17	1.0	0.6470588235294118
18	1.0	0.6111111111111112
19	1.0	0.5789473684210527
20	1.0	0.55
21	1.0	0.5238095238095238
22	1.0	0.5
23	1.0	0.4782608695652174
24	1.0	0.4583333333333333
25	1.0	0.44
26	1.0	0.4230769230769231
27	1.0	0.4074074074074074
28	1.0	0.39285714285714285
29	1.0	0.3793103448275862
30	1.0	0.36666666666666664
