1	0.08333333333333333	1.0
2	0.16666666666666666	1.0
3	0.25	1.0
4	0.25	0.75
5	0.25	0.6
6	0.3333333333333333	0.6666666666666666
7	0.3333333333333333	0.5714285714285714
8	0.3333333333333333	0.5
9	0.3333333333333333	0.4444444444444444
10	0.3333333333333333	0.4
11	0.3333333333333333	0.36363636363636365
12	0.3333333333333333	0.3333333333333333
13	0.3333333333333333	0.3076923076923077
14	0.3333333333333333	0.2857142857142857
15	0.3333333333333333	0.26666666666666666
16	0.3333333333333333	0.25
17	0.3333333333333333	0.23529411764705882
18	0.4166666666666667	0.2777777777777778
19	0.5	0.3157894736842105
20	0.5	0.3
21	0.5833333333333334	0.3333333333333333
22	0.5833333333333334	0.3181818181818182
23	0.5833333333333334	0.30434782608695654
24	0.5833333333333334	0.2916666666666667
25	0.5833333333333334	0.28
26	0.5833333333333334	0.2692307692307692
27	0.5833333333333334	0.25925925925925924
28	0.5833333333333334	0.25
29	0.5833333333333334	0.2413793103448276
30	0.5833333333333334	0.23333333333333334
