1	0.006944444444444444	1.0
2	0.013888888888888888	1.0
3	0.020833333333333332	1.0
4	0.027777777777777776	1.0
5	0.034722222222222224	1.0
6	0.041666666666666664	1.0
7	0.04861111111111111	1.0
8	0.05555555555555555	1.0
9	0.0625	1.0
10	0.06944444444444445	1.0
11	0.0763888888888889	1.0
12	0.08333333333333333	1.0
13	0.09027777777777778	1.0
14	0.09722222222222222	1.0
15	0.10416666666666667	1.0
16	0.1111111111111111	1.0
17	0.11805555555555555	1.0
18	0.125	1.0
19	0.13194444444444445	1.0
20	0.1388888888888889	1.0
21	0.14583333333333334	1.0
22	0.1527777777777778	1.0
23	0.1597222222222222	1.0
24	0.16666666666666666	1.0
25	0.1736111111111111	1.0
26	0.18055555555555555	1.0
27	0.1875	1.0
28	0.19444444444444445	1.0
29	0.2013888888888889	1.0
30	0.20833333333333334	1.0
