1	0.0196078431372549	1.0
2	0.0392156862745098	1.0
3	0.058823529411764705	1.0
4	0.0784313725490196	1.0
5	0.09803921568627451	1.0
6	0.11764705882352941	1.0
7	0.13725490196078433	1.0
8	0.1568627450980392	1.0
9	0.17647058823529413	1.0
10	0.17647058823529413	0.9
11	0.17647058823529413	0.8181818181818182
12	0.17647058823529413	0.75
13	0.17647058823529413	0.6923076923076923
14	0.17647058823529413	0.6428571428571429
15	0.17647058823529413	0.6
16	0.17647058823529413	0.5625
17	0.17647058823529413	0.5294117647058824
18	0.17647058823529413	0.5
19	0.19607843137254902	0.5263157894736842
20	0.19607843137254902	0.5
21	0.21568627450980393	0.5238095238095238
22	0.21568627450980393	0.5
23	0.21568627450980393	0.4782608695652174
24	0.21568627450980393	0.4583333333333333
25	0.23529411764705882	0.48
26	0.23529411764705882	0.46153846153846156
27	0.23529411764705882	0.4444444444444444
28	0.23529411764705882	0.42857142857142855
29	0.23529411764705882	0.41379310344827586
30	0.2549019607843137	0.43333333333333335
