1	0.125	1.0
2	0.25	1.0
3	0.375	1.0
4	0.375	0.75
5	0.375	0.6
6	0.375	0.5
7	0.375	0.42857142857142855
8	0.375	0.375
9	0.375	0.3333333333333333
10	0.375	0.3
11	0.5	0.36363636363636365
12	0.625	0.4166666666666667
13	0.75	0.46153846153846156
14	0.875	0.5
15	0.875	0.4666666666666667
16	0.875	0.4375
17	0.875	0.4117647058823529
18	0.875	0.3888888888888889
19	0.875	0.3684210526315789
20	0.875	0.35
21	0.875	0.3333333333333333
22	0.875	0.3181818181818182
23	0.875	0.30434782608695654
24	0.875	0.2916666666666667
25	0.875	0.28
26	0.875	0.2692307692307692
27	0.875	0.25925925925925924
28	0.875	0.25
29	0.875	0.2413793103448276
30	0.875	0.23333333333333334
