1	0.05	1.0
2	0.1	1.0
3	0.1	0.6666666666666666
4	0.15	0.75
5	0.15	0.6
6	0.2	0.6666666666666666
7	0.25	0.7142857142857143
8	0.25	0.625
9	0.25	0.5555555555555556
10	0.25	0.5
11	0.25	0.45454545454545453
12	0.3	0.5
13	0.35	0.5384615384615384
14	0.35	0.5
15	0.4	0.5333333333333333
16	0.4	0.5
17	0.4	0.47058823529411764
18	0.4	0.4444444444444444
19	0.4	0.42105263157894735
20	0.4	0.4
21	0.4	0.38095238095238093
22	0.4	0.36363636363636365
23	0.45	0.391304347826087
24	0.45	0.375
25	0.45	0.36
26	0.45	0.34615384615384615
27	0.45	0.3333333333333333
28	0.45	0.32142857142857145
29	0.45	0.3103448275862069
30	0.45	0.3
