1	0.03225806451612903	1.0
2	0.06451612903225806	1.0
3	0.0967741935483871	1.0
4	0.0967741935483871	0.75
5	0.12903225806451613	0.8
6	0.12903225806451613	0.6666666666666666
7	0.12903225806451613	0.5714285714285714
8	0.12903225806451613	0.5
9	0.12903225806451613	0.4444444444444444
10	0.16129032258064516	0.5
11	0.1935483870967742	0.5454545454545454
12	0.1935483870967742	0.5
13	0.22580645161290322	0.5384615384615384
14	0.22580645161290322	0.5
15	0.25806451612903225	0.5333333333333333
16	0.25806451612903225	0.5
17	0.25806451612903225	0.47058823529411764
18	0.25806451612903225	0.4444444444444444
19	0.2903225806451613	0.47368421052631576
20	0.2903225806451613	0.45
21	0.2903225806451613	0.42857142857142855
22	0.2903225806451613	0.4090909090909091
23	0.3225806451612903	0.43478260869565216
24	0.3225806451612903	0.4166666666666667
25	0.3225806451612903	0.4
26	0.3548387096774194	0.4230769230769231
27	0.3548387096774194	0.4074074074074074
28	0.3548387096774194	0.39285714285714285
29	0.3548387096774194	0.3793103448275862
30	0.3548387096774194	0.36666666666666664
