1	0.0	0.0
2	0.0	0.0
3	0.0	0.0
4	0.0	0.0
5	0.05555555555555555	0.2
6	0.1111111111111111	0.3333333333333333
7	0.1111111111111111	0.2857142857142857
8	0.16666666666666666	0.375
9	0.16666666666666666	0.3333333333333333
10	0.2222222222222222	0.4
11	0.2222222222222222	0.36363636363636365
12	0.2777777777777778	0.4166666666666667
13	0.3333333333333333	0.46153846153846156
14	0.3333333333333333	0.42857142857142855
15	0.3333333333333333	0.4
16	0.3333333333333333	0.375
17	0.3333333333333333	0.35294117647058826
18	0.3333333333333333	0.3333333333333333
19	0.3333333333333333	0.3157894736842105
20	0.3333333333333333	0.3
21	0.3333333333333333	0.2857142857142857
22	0.3333333333333333	0.2727272727272727
23	0.3333333333333333	0.2608695652173913
24	0.3888888888888889	0.2916666666666667
25	0.3888888888888889	0.28
26	0.3888888888888889	0.2692307692307692
27	0.3888888888888889	0.25925925925925924
28	0.3888888888888889	0.25
29	0.3888888888888889	0.2413793103448276
30	0.3888888888888889	0.23333333333333334
