1	0.007407407407407408	1.0
2	0.014814814814814815	1.0
3	0.014814814814814815	0.6666666666666666
4	0.014814814814814815	0.5
5	0.022222222222222223	0.6
6	0.022222222222222223	0.5
7	0.02962962962962963	0.5714285714285714
8	0.02962962962962963	0.5
9	0.02962962962962963	0.4444444444444444
10	0.02962962962962963	0.4
11	0.02962962962962963	0.36363636363636365
12	0.037037037037037035	0.4166666666666667
13	0.037037037037037035	0.38461538461538464
14	0.044444444444444446	0.42857142857142855
15	0.044444444444444446	0.4
16	0.044444444444444446	0.375
17	0.044444444444444446	0.35294117647058826
18	0.05185185185185185	0.3888888888888889
19	0.05925925925925926	0.42105263157894735
20	0.05925925925925926	0.4
21	0.05925925925925926	0.38095238095238093
22	0.05925925925925926	0.36363636363636365
23	0.05925925925925926	0.34782608695652173
24	0.05925925925925926	0.3333333333333333
25	0.06666666666666667	0.36
26	0.06666666666666667	0.34615384615384615
27	0.07407407407407407	0.37037037037037035
28	0.07407407407407407	0.35714285714285715
29	0.07407407407407407	0.3448275862068966
30	0.07407407407407407	0.3333333333333333
