1	0.07142857142857142	1.0
2	0.14285714285714285	1.0
3	0.21428571428571427	1.0
4	0.21428571428571427	0.75
5	0.21428571428571427	0.6
6	0.21428571428571427	0.5
7	0.21428571428571427	0.42857142857142855
8	0.21428571428571427	0.375
9	0.21428571428571427	0.3333333333333333
10	0.21428571428571427	0.3
11	0.2857142857142857	0.36363636363636365
12	0.2857142857142857	0.3333333333333333
13	0.2857142857142857	0.3076923076923077
14	0.35714285714285715	0.35714285714285715
15	0.42857142857142855	0.4
16	0.5	0.4375
17	0.5714285714285714	0.47058823529411764
18	0.5714285714285714	0.4444444444444444
19	0.5714285714285714	0.42105263157894735
20	0.5714285714285714	0.4
21	0.5714285714285714	0.38095238095238093
22	0.5714285714285714	0.36363636363636365
23	0.5714285714285714	0.34782608695652173
24	0.5714285714285714	0.3333333333333333
25	0.5714285714285714	0.32
26	0.5714285714285714	0.3076923076923077
27	0.6428571428571429	0.3333333333333333
28	0.6428571428571429	0.32142857142857145
29	0.6428571428571429	0.3103448275862069
30	0.6428571428571429	0.3
