1	0.02631578947368421	1.0
2	0.05263157894736842	1.0
3	0.07894736842105263	1.0
4	0.07894736842105263	0.75
5	0.07894736842105263	0.6
6	0.10526315789473684	0.6666666666666666
7	0.10526315789473684	0.5714285714285714
8	0.13157894736842105	0.625
9	0.15789473684210525	0.6666666666666666
10	0.18421052631578946	0.7
11	0.21052631578947367	0.7272727272727273
12	0.21052631578947367	0.6666666666666666
13	0.21052631578947367	0.6153846153846154
14	0.21052631578947367	0.5714285714285714
15	0.21052631578947367	0.5333333333333333
16	0.21052631578947367	0.5
17	0.21052631578947367	0.47058823529411764
18	0.23684210526315788	0.5
19	0.23684210526315788	0.47368421052631576
20	0.23684210526315788	0.45
21	0.23684210526315788	0.42857142857142855
22	0.23684210526315788	0.4090909090909091
23	0.23684210526315788	0.391304347826087
24	0.23684210526315788	0.375
25	0.23684210526315788	0.36
26	0.23684210526315788	0.34615384615384615
27	0.23684210526315788	0.3333333333333333
28	0.2631578947368421	0.35714285714285715
29	0.2631578947368421	0.3448275862068966
30	0.2631578947368421	0.3333333333333333
