1	0.02857142857142857	1.0
2	0.05714285714285714	1.0
3	0.05714285714285714	0.6666666666666666
4	0.05714285714285714	0.5
5	0.08571428571428572	0.6
6	0.08571428571428572	0.5
7	0.11428571428571428	0.5714285714285714
8	0.14285714285714285	0.625
9	0.14285714285714285	0.5555555555555556
10	0.17142857142857143	0.6
11	0.17142857142857143	0.5454545454545454
12	0.17142857142857143	0.5
13	0.17142857142857143	0.46153846153846156
14	0.2	0.5
15	0.2	0.4666666666666667
16	0.22857142857142856	0.5
17	0.22857142857142856	0.47058823529411764
18	0.22857142857142856	0.4444444444444444
19	0.22857142857142856	0.42105263157894735
20	0.22857142857142856	0.4
21	0.22857142857142856	0.38095238095238093
22	0.2571428571428571	0.4090909090909091
23	0.2857142857142857	0.43478260869565216
24	0.2857142857142857	0.4166666666666667
25	0.2857142857142857	0.4
26	0.3142857142857143	0.4230769230769231
27	0.3142857142857143	0.4074074074074074
28	0.3142857142857143	0.39285714285714285
29	0.34285714285714286	0.41379310344827586
30	0.34285714285714286	0.4
