1	0.03125	1.0
2	0.0625	1.0
3	0.09375	1.0
4	0.125	1.0
5	0.15625	1.0
6	0.15625	0.8333333333333334
7	0.15625	0.7142857142857143
8	0.15625	0.625
9	0.15625	0.5555555555555556
10	0.1875	0.6
11	0.1875	0.5454545454545454
12	0.1875	0.5
13	0.21875	0.5384615384615384
14	0.21875	0.5
15	0.21875	0.4666666666666667
16	0.21875	0.4375
17	0.21875	0.4117647058823529
18	0.21875	0.3888888888888889
19	0.21875	0.3684210526315789
20	0.21875	0.35
21	0.21875	0.3333333333333333
22	0.21875	0.3181818181818182
23	0.21875	0.30434782608695654
24	0.21875	0.2916666666666667
25	0.21875	0.28
26	0.21875	0.2692307692307692
27	0.25	0.2962962962962963
28	0.25	0.2857142857142857
29	0.25	0.27586206896551724
30	0.25	0.26666666666666666
