1	0.04	1.0
2	0.04	0.5
3	0.08	0.6666666666666666
4	0.12	0.75
5	0.16	0.8
6	0.2	0.8333333333333334
7	0.24	0.8571428571428571
8	0.24	0.75
9	0.24	0.6666666666666666
10	0.24	0.6
11	0.24	0.5454545454545454
12	0.28	0.5833333333333334
13	0.28	0.5384615384615384
14	0.28	0.5
15	0.28	0.4666666666666667
16	0.28	0.4375
17	0.28	0.4117647058823529
18	0.28	0.3888888888888889
19	0.32	0.42105263157894735
20	0.32	0.4
21	0.36	0.42857142857142855
22	0.36	0.4090909090909091
23	0.36	0.391304347826087
24	0.4	0.4166666666666667
25	0.4	0.4
26	0.4	0.38461538461538464
27	0.4	0.37037037037037035
28	0.4	0.35714285714285715
29	0.4	0.3448275862068966
30	0.4	0.3333333333333333
