1	0.022727272727272728	1.0
2	0.022727272727272728	0.5
3	0.045454545454545456	0.6666666666666666
4	0.06818181818181818	0.75
5	0.09090909090909091	0.8
6	0.09090909090909091	0.6666666666666666
7	0.09090909090909091	0.5714285714285714
8	0.11363636363636363	0.625
9	0.13636363636363635	0.6666666666666666
10	0.1590909090909091	0.7
11	0.1590909090909091	0.6363636363636364
12	0.1590909090909091	0.5833333333333334
13	0.1590909090909091	0.5384615384615384
14	0.1590909090909091	0.5
15	0.18181818181818182	0.5333333333333333
16	0.18181818181818182	0.5
17	0.18181818181818182	0.47058823529411764
18	0.18181818181818182	0.4444444444444444
19	0.18181818181818182	0.42105263157894735
20	0.18181818181818182	0.4
21	0.20454545454545456	0.42857142857142855
22	0.20454545454545456	0.4090909090909091
23	0.22727272727272727	0.43478260869565216
24	0.22727272727272727	0.4166666666666667
25	0.22727272727272727	0.4
26	0.22727272727272727	0.38461538461538464
27	0.22727272727272727	0.37037037037037035
28	0.22727272727272727	0.35714285714285715
29	0.22727272727272727	0.3448275862068966
30	0.22727272727272727	0.3333333333333333
