1	0.014925373134328358	1.0
2	0.029850746268656716	1.0
3	0.04477611940298507	1.0
4	0.05970149253731343	1.0
5	0.05970149253731343	0.8
6	0.07462686567164178	0.8333333333333334
7	0.08955223880597014	0.8571428571428571
8	0.1044776119402985	0.875
9	0.11940298507462686	0.8888888888888888
10	0.13432835820895522	0.9
11	0.13432835820895522	0.8181818181818182
12	0.14925373134328357	0.8333333333333334
13	0.14925373134328357	0.7692307692307693
14	0.14925373134328357	0.7142857142857143
15	0.14925373134328357	0.6666666666666666
16	0.14925373134328357	0.625
17	0.14925373134328357	0.5882352941176471
18	0.14925373134328357	0.5555555555555556
19	0.16417910447761194	0.5789473684210527
20	0.16417910447761194	0.55
21	0.16417910447761194	0.5238095238095238
22	0.16417910447761194	0.5
23	0.16417910447761194	0.4782608695652174
24	0.16417910447761194	0.4583333333333333
25	0.16417910447761194	0.44
26	0.1791044776119403	0.46153846153846156
27	0.1791044776119403	0.4444444444444444
28	0.19402985074626866	0.4642857142857143
29	0.19402985074626866	0.4482758620689655
30	0.19402985074626866	0.43333333333333335
