1	0.018867924528301886	1.0
2	0.018867924528301886	0.5
3	0.018867924528301886	0.3333333333333333
4	0.03773584905660377	0.5
5	0.03773584905660377	0.4
6	0.03773584905660377	0.3333333333333333
7	0.03773584905660377	0.2857142857142857
8	0.03773584905660377	0.25
9	0.05660377358490566	0.3333333333333333
10	0.07547169811320754	0.4
11	0.07547169811320754	0.36363636363636365
12	0.07547169811320754	0.3333333333333333
13	0.07547169811320754	0.3076923076923077
14	0.07547169811320754	0.2857142857142857
15	0.09433962264150944	0.3333333333333333
16	0.09433962264150944	0.3125
17	0.11320754716981132	0.35294117647058826
18	0.11320754716981132	0.3333333333333333
19	0.1320754716981132	0.3684210526315789
20	0.1320754716981132	0.35
21	0.1320754716981132	0.3333333333333333
22	0.1509433962264151	0.36363636363636365
23	0.16981132075471697	0.391304347826087
24	0.16981132075471697	0.375
25	0.18867924528301888	0.4
26	0.20754716981132076	0.4230769230769231
27	0.20754716981132076	0.4074074074074074
28	0.20754716981132076	0.39285714285714285
29	0.22641509433962265	0.41379310344827586
30	0.22641509433962265	0.4
