1	0.0	0.0
2	0.041666666666666664	0.5
3	0.08333333333333333	0.6666666666666666
4	0.125	0.75
5	0.125	0.6
6	0.125	0.5
7	0.16666666666666666	0.5714285714285714
8	0.16666666666666666	0.5
9	0.16666666666666666	0.4444444444444444
10	0.20833333333333334	0.5
11	0.20833333333333334	0.45454545454545453
12	0.20833333333333334	0.4166666666666667
13	0.20833333333333334	0.38461538461538464
14	0.20833333333333334	0.35714285714285715
15	0.20833333333333334	0.3333333333333333
16	0.20833333333333334	0.3125
17	0.20833333333333334	0.29411764705882354
18	0.20833333333333334	0.2777777777777778
19	0.20833333333333334	0.2631578947368421
20	0.20833333333333334	0.25
21	0.20833333333333334	0.23809523809523808
22	0.25	0.2727272727272727
23	0.25	0.2608695652173913
24	0.25	0.25
25	0.2916666666666667	0.28
26	0.2916666666666667	0.2692307692307692
27	0.2916666666666667	0.25925925925925924
28	0.2916666666666667	0.25
29	0.2916666666666667	0.2413793103448276
30	0.3333333333333333	0.26666666666666666
