1	0.037037037037037035	1.0
2	0.07407407407407407	1.0
3	0.07407407407407407	0.6666666666666666
4	0.07407407407407407	0.5
5	0.07407407407407407	0.4
6	0.07407407407407407	0.3333333333333333
7	0.07407407407407407	0.2857142857142857
8	0.07407407407407407	0.25
9	0.07407407407407407	0.2222222222222222
10	0.1111111111111111	0.3
11	0.14814814814814814	0.36363636363636365
12	0.14814814814814814	0.3333333333333333
13	0.14814814814814814	0.3076923076923077
14	0.14814814814814814	0.2857142857142857
15	0.18518518518518517	0.3333333333333333
16	0.18518518518518517	0.3125
17	0.18518518518518517	0.29411764705882354
18	0.18518518518518517	0.2777777777777778
19	0.18518518518518517	0.2631578947368421
20	0.18518518518518517	0.25
21	0.18518518518518517	0.23809523809523808
22	0.18518518518518517	0.22727272727272727
23	0.2222222222222222	0.2608695652173913
24	0.2222222222222222	0.25
25	0.25925925925925924	0.28
26	0.2962962962962963	0.3076923076923077
27	0.3333333333333333	0.3333333333333333
28	0.37037037037037035	0.35714285714285715
29	0.37037037037037035	0.3448275862068966
30	0.37037037037037035	0.3333333333333333
