1	0.0	0.0
2	0.0	0.0
3	0.05263157894736842	0.3333333333333333
4	0.10526315789473684	0.5
5	0.10526315789473684	0.4
6	0.10526315789473684	0.3333333333333333
7	0.10526315789473684	0.2857142857142857
8	0.10526315789473684	0.25
9	0.10526315789473684	0.2222222222222222
10	0.15789473684210525	0.3
11	0.15789473684210525	0.2727272727272727
12	0.15789473684210525	0.25
13	0.21052631578947367	0.3076923076923077
14	0.21052631578947367	0.2857142857142857
15	0.21052631578947367	0.26666666666666666
16	0.21052631578947367	0.25
17	0.21052631578947367	0.23529411764705882
18	0.21052631578947367	0.2222222222222222
19	0.21052631578947367	0.21052631578947367
20	0.21052631578947367	0.2
21	0.21052631578947367	0.19047619047619047
22	0.2631578947368421	0.22727272727272727
23	0.2631578947368421	0.21739130434782608
24	0.2631578947368421	0.20833333333333334
25	0.2631578947368421	0.2
26	0.2631578947368421	0.19230769230769232
27	0.2631578947368421	0.18518518518518517
28	0.2631578947368421	0.17857142857142858
29	0.2631578947368421	0.1724137931034483
30	0.2631578947368421	0.16666666666666666
