1	0.025	1.0
2	0.025	0.5
3	0.025	0.3333333333333333
4	0.05	0.5
5	0.075	0.6
6	0.1	0.6666666666666666
7	0.1	0.5714285714285714
8	0.125	0.625
9	0.15	0.6666666666666666
10	0.175	0.7
11	0.175	0.6363636363636364
12	0.2	0.6666666666666666
13	0.2	0.6153846153846154
14	0.225	0.6428571428571429
15	0.25	0.6666666666666666
16	0.25	0.625
17	0.25	0.5882352941176471
18	0.275	0.6111111111111112
19	0.275	0.5789473684210527
20	0.275	0.55
21	0.3	0.5714285714285714
22	0.3	0.5454545454545454
23	0.3	0.5217391304347826
24	0.325	0.5416666666666666
25	0.35	0.56
26	0.375	0.5769230769230769
27	0.375	0.5555555555555556
28	0.4	0.5714285714285714
29	0.4	0.5517241379310345
30	0.4	0.5333333333333333
