1	0.1111111111111111	1.0
2	0.1111111111111111	0.5
3	0.2222222222222222	0.6666666666666666
4	0.3333333333333333	0.75
5	0.4444444444444444	0.8
6	0.5555555555555556	0.8333333333333334
7	0.6666666666666666	0.8571428571428571
8	0.7777777777777778	0.875
9	0.8888888888888888	0.8888888888888888
10	1.0	0.9
11	1.0	0.8181818181818182
12	1.0	0.75
13	1.0	0.6923076923076923
14	1.0	0.6428571428571429
15	1.0	0.6
16	1.0	0.5625
17	1.0	0.5294117647058824
18	1.0	0.5
19	1.0	0.47368421052631576
20	1.0	0.45
21	1.0	0.42857142857142855
22	1.0	0.4090909090909091
23	1.0	0.391304347826087
24	1.0	0.375
25	1.0	0.36
26	1.0	0.34615384615384615
27	1.0	0.3333333333333333
28	1.0	0.32142857142857145
29	1.0	0.3103448275862069
30	1.0	0.3
