1	0.0	0.0
2	0.05	0.5
3	0.1	0.6666666666666666
4	0.15	0.75
5	0.2	0.8
6	0.25	0.8333333333333334
7	0.25	0.7142857142857143
8	0.3	0.75
9	0.35	0.7777777777777778
10	0.35	0.7
11	0.35	0.6363636363636364
12	0.35	0.5833333333333334
13	0.4	0.6153846153846154
14	0.4	0.5714285714285714
15	0.4	0.5333333333333333
16	0.4	0.5
17	0.4	0.47058823529411764
18	0.45	0.5
19	0.45	0.47368421052631576
20	0.45	0.45
21	0.5	0.47619047619047616
22	0.5	0.45454545454545453
23	0.5	0.43478260869565216
24	0.5	0.4166666666666667
25	0.5	0.4
26	0.55	0.4230769230769231
27	0.55	0.4074074074074074
28	0.55	0.39285714285714285
29	0.55	0.3793103448275862
30	0.55	0.36666666666666664
