1	0.0	0.0
2	0.0	0.0
3	0.043478260869565216	0.3333333333333333
4	0.043478260869565216	0.25
5	0.043478260869565216	0.2
6	0.043478260869565216	0.16666666666666666
7	0.043478260869565216	0.14285714285714285
8	0.043478260869565216	0.125
9	0.08695652173913043	0.2222222222222222
10	0.13043478260869565	0.3
11	0.17391304347826086	0.36363636363636365
12	0.17391304347826086	0.3333333333333333
13	0.21739130434782608	0.38461538461538464
14	0.21739130434782608	0.35714285714285715
15	0.2608695652173913	0.4
16	0.2608695652173913	0.375
17	0.2608695652173913	0.35294117647058826
18	0.30434782608695654	0.3888888888888889
19	0.34782608695652173	0.42105263157894735
20	0.34782608695652173	0.4
21	0.34782608695652173	0.38095238095238093
22	0.34782608695652173	0.36363636363636365
23	0.34782608695652173	0.34782608695652173
24	0.34782608695652173	0.3333333333333333
25	0.34782608695652173	0.32
26	0.391304347826087	0.34615384615384615
27	0.43478260869565216	0.37037037037037035
28	0.4782608695652174	0.39285714285714285
29	0.4782608695652174	0.3793103448275862
30	0.4782608695652174	0.36666666666666664
