1	0.0	0.0
2	0.0	0.0
3	0.027777777777777776	0.3333333333333333
4	0.027777777777777776	0.25
5	0.05555555555555555	0.4
6	0.08333333333333333	0.5
7	0.08333333333333333	0.42857142857142855
8	0.08333333333333333	0.375
9	0.08333333333333333	0.3333333333333333
10	0.08333333333333333	0.3
11	0.08333333333333333	0.2727272727272727
12	0.1111111111111111	0.3333333333333333
13	0.1111111111111111	0.3076923076923077
14	0.1111111111111111	0.2857142857142857
15	0.1111111111111111	0.26666666666666666
16	0.1111111111111111	0.25
17	0.1388888888888889	0.29411764705882354
18	0.1388888888888889	0.2777777777777778
19	0.16666666666666666	0.3157894736842105
20	0.16666666666666666	0.3
21	0.16666666666666666	0.2857142857142857
22	0.16666666666666666	0.2727272727272727
23	0.16666666666666666	0.2608695652173913
24	0.16666666666666666	0.25
25	0.16666666666666666	0.24
26	0.16666666666666666	0.23076923076923078
27	0.16666666666666666	0.2222222222222222
28	0.16666666666666666	0.21428571428571427
29	0.16666666666666666	0.20689655172413793
30	0.16666666666666666	0.2
