1	0.0	0.0
2	0.0	0.0
3	0.034482758620689655	0.3333333333333333
4	0.06896551724137931	0.5
5	0.06896551724137931	0.4
6	0.10344827586206896	0.5
7	0.10344827586206896	0.42857142857142855
8	0.13793103448275862	0.5
9	0.13793103448275862	0.4444444444444444
10	0.13793103448275862	0.4
11	0.1724137931034483	0.45454545454545453
12	0.1724137931034483	0.4166666666666667
13	0.20689655172413793	0.46153846153846156
14	0.20689655172413793	0.42857142857142855
15	0.2413793103448276	0.4666666666666667
16	0.2413793103448276	0.4375
17	0.2413793103448276	0.4117647058823529
18	0.2413793103448276	0.3888888888888889
19	0.2413793103448276	0.3684210526315789
20	0.2413793103448276	0.35
21	0.2413793103448276	0.3333333333333333
22	0.27586206896551724	0.36363636363636365
23	0.27586206896551724	0.34782608695652173
24	0.27586206896551724	0.3333333333333333
25	0.27586206896551724	0.32
26	0.27586206896551724	0.3076923076923077
27	0.27586206896551724	0.2962962962962963
28	0.27586206896551724	0.2857142857142857
29	0.27586206896551724	0.27586206896551724
30	0.27586206896551724	0.26666666666666666
