1	0.05	1.0
2	0.05	0.5
3	0.1	0.6666666666666666
4	0.15	0.75
5	0.15	0.6
6	0.15	0.5
7	0.15	0.42857142857142855
8	0.15	0.375
9	0.15	0.3333333333333333
10	0.2	0.4
11	0.2	0.36363636363636365
12	0.2	0.3333333333333333
13	0.2	0.3076923076923077
14	0.2	0.2857142857142857
15	0.2	0.26666666666666666
16	0.2	0.25
17	0.2	0.23529411764705882
18	0.2	0.2222222222222222
19	0.2	0.21052631578947367
20	0.2	0.2
21	0.2	0.19047619047619047
22	0.2	0.18181818181818182
23	0.25	0.21739130434782608
24	0.25	0.20833333333333334
25	0.25	0.2
26	0.25	0.19230769230769232
27	0.25	0.18518518518518517
28	0.25	0.17857142857142858
29	0.25	0.1724137931034483
30	0.25	0.16666666666666666
