1	0.029411764705882353	1.0
2	0.029411764705882353	0.5
3	0.029411764705882353	0.3333333333333333
4	0.029411764705882353	0.25
5	0.029411764705882353	0.2
6	0.029411764705882353	0.16666666666666666
7	0.029411764705882353	0.14285714285714285
8	0.029411764705882353	0.125
9	0.029411764705882353	0.1111111111111111
10	0.029411764705882353	0.1
11	0.029411764705882353	0.09090909090909091
12	0.058823529411764705	0.16666666666666666
13	0.058823529411764705	0.15384615384615385
14	0.058823529411764705	0.14285714285714285
15	0.058823529411764705	0.13333333333333333
16	0.058823529411764705	0.125
17	0.058823529411764705	0.11764705882352941
18	0.058823529411764705	0.1111111111111111
19	0.058823529411764705	0.10526315789473684
20	0.058823529411764705	0.1
21	0.058823529411764705	0.09523809523809523
22	0.058823529411764705	0.09090909090909091
23	0.08823529411764706	0.13043478260869565
24	0.11764705882352941	0.16666666666666666
25	0.11764705882352941	0.16
26	0.11764705882352941	0.15384615384615385
27	0.11764705882352941	0.14814814814814814
28	0.11764705882352941	0.14285714285714285
29	0.14705882352941177	0.1724137931034483
30	0.17647058823529413	0.2
