1	0.058823529411764705	1.0
2	0.11764705882352941	1.0
3	0.11764705882352941	0.6666666666666666
4	0.17647058823529413	0.75
5	0.23529411764705882	0.8
6	0.23529411764705882	0.6666666666666666
7	0.23529411764705882	0.5714285714285714
8	0.29411764705882354	0.625
9	0.35294117647058826	0.6666666666666666
10	0.4117647058823529	0.7
11	0.4117647058823529	0.6363636363636364
12	0.4117647058823529	0.5833333333333334
13	0.4117647058823529	0.5384615384615384
14	0.4117647058823529	0.5
15	0.4117647058823529	0.4666666666666667
16	0.4117647058823529	0.4375
17	0.4117647058823529	0.4117647058823529
18	0.4117647058823529	0.3888888888888889
19	0.47058823529411764	0.42105263157894735
20	0.47058823529411764	0.4
21	0.47058823529411764	0.38095238095238093
22	0.47058823529411764	0.36363636363636365
23	0.47058823529411764	0.34782608695652173
24	0.47058823529411764	0.3333333333333333
25	0.47058823529411764	0.32
26	0.47058823529411764	0.3076923076923077
27	0.47058823529411764	0.2962962962962963
28	0.47058823529411764	0.2857142857142857
29	0.47058823529411764	0.27586206896551724
30	0.47058823529411764	0.26666666666666666
