1	0.0	0.0
2	0.007352941176470588	0.5
3	0.014705882352941176	0.6666666666666666
4	0.014705882352941176	0.5
5	0.014705882352941176	0.4
6	0.022058823529411766	0.5
7	0.022058823529411766	0.42857142857142855
8	0.029411764705882353	0.5
9	0.03676470588235294	0.5555555555555556
10	0.03676470588235294	0.5
11	0.03676470588235294	0.45454545454545453
12	0.03676470588235294	0.4166666666666667
13	0.03676470588235294	0.38461538461538464
14	0.03676470588235294	0.35714285714285715
15	0.03676470588235294	0.3333333333333333
16	0.03676470588235294	0.3125
17	0.04411764705882353	0.35294117647058826
18	0.04411764705882353	0.3333333333333333
19	0.04411764705882353	0.3157894736842105
20	0.04411764705882353	0.3
21	0.04411764705882353	0.2857142857142857
22	0.04411764705882353	0.2727272727272727
23	0.04411764705882353	0.2608695652173913
24	0.051470588235294115	0.2916666666666667
25	0.051470588235294115	0.28
26	0.051470588235294115	0.2692307692307692
27	0.058823529411764705	0.2962962962962963
28	0.058823529411764705	0.2857142857142857
29	0.058823529411764705	0.27586206896551724
30	0.0661764705882353	0.3
