1	0.047619047619047616	1.0
2	0.047619047619047616	0.5
3	0.09523809523809523	0.6666666666666666
4	0.14285714285714285	0.75
5	0.19047619047619047	0.8
6	0.19047619047619047	0.6666666666666666
7	0.19047619047619047	0.5714285714285714
8	0.23809523809523808	0.625
9	0.2857142857142857	0.6666666666666666
10	0.3333333333333333	0.7
11	0.3333333333333333	0.6363636363636364
12	0.3333333333333333	0.5833333333333334
13	0.3333333333333333	0.5384615384615384
14	0.3333333333333333	0.5
15	0.3333333333333333	0.4666666666666667
16	0.38095238095238093	0.5
17	0.38095238095238093	0.47058823529411764
18	0.42857142857142855	0.5
19	0.47619047619047616	0.5263157894736842
20	0.47619047619047616	0.5
21	0.47619047619047616	0.47619047619047616
22	0.47619047619047616	0.45454545454545453
23	0.47619047619047616	0.43478260869565216
24	0.47619047619047616	0.4166666666666667
25	0.47619047619047616	0.4
26	0.47619047619047616	0.38461538461538464
27	0.47619047619047616	0.37037037037037035
28	0.47619047619047616	0.35714285714285715
29	0.47619047619047616	0.3448275862068966
30	0.47619047619047616	0.3333333333333333
