1	0.0	0.0
2	0.0	0.0
3	0.0	0.0
4	0.0	0.0
5	0.0	0.0
6	0.0	0.0
7	0.0	0.0
8	0.0	0.0
9	0.0	0.0
10	0.043478260869565216	0.1
11	0.043478260869565216	0.09090909090909091
12	0.043478260869565216	0.08333333333333333
13	0.043478260869565216	0.07692307692307693
14	0.043478260869565216	0.07142857142857142
15	0.043478260869565216	0.06666666666666667
16	0.043478260869565216	0.0625
17	0.08695652173913043	0.11764705882352941
18	0.08695652173913043	0.1111111111111111
19	0.13043478260869565	0.15789473684210525
20	0.13043478260869565	0.15
21	0.13043478260869565	0.14285714285714285
22	0.17391304347826086	0.18181818181818182
23	0.17391304347826086	0.17391304347826086
24	0.17391304347826086	0.16666666666666666
25	0.17391304347826086	0.16
26	0.17391304347826086	0.15384615384615385
27	0.21739130434782608	0.18518518518518517
28	0.21739130434782608	0.17857142857142858
29	0.21739130434782608	0.1724137931034483
30	0.21739130434782608	0.16666666666666666
