1	0.038461538461538464	1.0
2	0.038461538461538464	0.5
3	0.038461538461538464	0.3333333333333333
4	0.07692307692307693	0.5
5	0.11538461538461539	0.6
6	0.15384615384615385	0.6666666666666666
7	0.19230769230769232	0.7142857142857143
8	0.19230769230769232	0.625
9	0.19230769230769232	0.5555555555555556
10	0.23076923076923078	0.6
11	0.2692307692307692	0.6363636363636364
12	0.3076923076923077	0.6666666666666666
13	0.34615384615384615	0.6923076923076923
14	0.34615384615384615	0.6428571428571429
15	0.38461538461538464	0.6666666666666666
16	0.38461538461538464	0.625
17	0.38461538461538464	0.5882352941176471
18	0.4230769230769231	0.6111111111111112
19	0.4230769230769231	0.5789473684210527
20	0.4230769230769231	0.55
21	0.4230769230769231	0.5238095238095238
22	0.4230769230769231	0.5
23	0.4230769230769231	0.4782608695652174
24	0.4230769230769231	0.4583333333333333
25	0.46153846153846156	0.48
26	0.46153846153846156	0.46153846153846156
27	0.46153846153846156	0.4444444444444444
28	0.46153846153846156	0.42857142857142855
29	0.46153846153846156	0.41379310344827586
30	0.46153846153846156	0.4
