1	0.025	1.0
2	0.05	1.0
3	0.075	1.0
4	0.1	1.0
5	0.125	1.0
6	0.15	1.0
7	0.175	1.0
8	0.175	0.875
9	0.2	0.8888888888888888
10	0.225	0.9
11	0.225	0.8181818181818182
12	0.25	0.8333333333333334
13	0.25	0.7692307692307693
14	0.25	0.7142857142857143
15	0.25	0.6666666666666666
16	0.25	0.625
17	0.275	0.6470588235294118
18	0.275	0.6111111111111112
19	0.3	0.631578947368421
20	0.325	0.65
21	0.325	0.6190476190476191
22	0.325	0.5909090909090909
23	0.325	0.5652173913043478
24	0.325	0.5416666666666666
25	0.325	0.52
26	0.35	0.5384615384615384
27	0.35	0.5185185185185185
28	0.35	0.5
29	0.35	0.4827586206896552
30	0.35	0.4666666666666667
