1	0.0	0.0
2	0.0	0.0
3	0.030303030303030304	0.3333333333333333
4	0.030303030303030304	0.25
5	0.030303030303030304	0.2
6	0.06060606060606061	0.3333333333333333
7	0.09090909090909091	0.42857142857142855
8	0.12121212121212122	0.5
9	0.12121212121212122	0.4444444444444444
10	0.15151515151515152	0.5
11	0.15151515151515152	0.45454545454545453
12	0.15151515151515152	0.4166666666666667
13	0.18181818181818182	0.46153846153846156
14	0.18181818181818182	0.42857142857142855
15	0.21212121212121213	0.4666666666666667
16	0.24242424242424243	0.5
17	0.24242424242424243	0.47058823529411764
18	0.24242424242424243	0.4444444444444444
19	0.24242424242424243	0.42105263157894735
20	0.24242424242424243	0.4
21	0.24242424242424243	0.38095238095238093
22	0.2727272727272727	0.4090909090909091
23	0.2727272727272727	0.391304347826087
24	0.2727272727272727	0.375
25	0.2727272727272727	0.36
26	0.2727272727272727	0.34615384615384615
27	0.2727272727272727	0.3333333333333333
28	0.2727272727272727	0.32142857142857145
29	0.2727272727272727	0.3103448275862069
30	0.2727272727272727	0.3
