1	0.029411764705882353	1.0
2	0.058823529411764705	1.0
3	0.08823529411764706	1.0
4	0.11764705882352941	1.0
5	0.14705882352941177	1.0
6	0.17647058823529413	1.0
7	0.20588235294117646	1.0
8	0.20588235294117646	0.875
9	0.23529411764705882	0.8888888888888888
10	0.2647058823529412	0.9
11	0.29411764705882354	0.9090909090909091
12	0.3235294117647059	0.9166666666666666
13	0.35294117647058826	0.9230769230769231
14	0.38235294117647056	0.9285714285714286
15	0.38235294117647056	0.8666666666666667
16	0.38235294117647056	0.8125
17	0.38235294117647056	0.7647058823529411
18	0.38235294117647056	0.7222222222222222
19	0.4117647058823529	0.7368421052631579
20	0.4411764705882353	0.75
21	0.47058823529411764	0.7619047619047619
22	0.5	0.7727272727272727
23	0.5294117647058824	0.782608695652174
24	0.5294117647058824	0.75
25	0.5588235294117647	0.76
26	0.5882352941176471	0.7692307692307693
27	0.6176470588235294	0.7777777777777778
28	0.6470588235294118	0.7857142857142857
29	0.6470588235294118	0.7586206896551724
30	0.6470588235294118	0.7333333333333333
