1	0.030303030303030304	1.0
2	0.06060606060606061	1.0
3	0.09090909090909091	1.0
4	0.12121212121212122	1.0
5	0.15151515151515152	1.0
6	0.18181818181818182	1.0
7	0.21212121212121213	1.0
8	0.24242424242424243	1.0
9	0.2727272727272727	1.0
10	0.30303030303030304	1.0
11	0.3333333333333333	1.0
12	0.36363636363636365	1.0
13	0.3939393939393939	1.0
14	0.42424242424242425	1.0
15	0.45454545454545453	1.0
16	0.48484848484848486	1.0
17	0.5151515151515151	1.0
18	0.5454545454545454	1.0
19	0.5757575757575758	1.0
20	0.6060606060606061	1.0
21	0.6363636363636364	1.0
22	0.6666666666666666	1.0
23	0.696969696969697	1.0
24	0.7272727272727273	1.0
25	0.7272727272727273	0.96
26	0.7575757575757576	0.9615384615384616
27	0.7878787878787878	0.9629629629629629
28	0.8181818181818182	0.9642857142857143
29	0.8181818181818182	0.9310344827586207
30	0.8484848484848485	0.9333333333333333
