1	0.04	1.0
2	0.08	1.0
3	0.08	0.6666666666666666
4	0.08	0.5
5	0.08	0.4
6	0.08	0.3333333333333333
7	0.08	0.2857142857142857
8	0.08	0.25
9	0.12	0.3333333333333333
10	0.12	0.3
11	0.12	0.2727272727272727
12	0.12	0.25
13	0.12	0.23076923076923078
14	0.16	0.2857142857142857
15	0.16	0.26666666666666666
16	0.16	0.25
17	0.2	0.29411764705882354
18	0.2	0.2777777777777778
19	0.2	0.2631578947368421
20	0.2	0.25
21	0.24	0.2857142857142857
22	0.24	0.2727272727272727
23	0.24	0.2608695652173913
24	0.24	0.25
25	0.28	0.28
26	0.28	0.2692307692307692
27	0.28	0.25925925925925924
28	0.28	0.25
29	0.28	0.2413793103448276
30	0.28	0.23333333333333334
