1	0.023809523809523808	1.0
2	0.023809523809523808	0.5
3	0.047619047619047616	0.6666666666666666
4	0.047619047619047616	0.5
5	0.07142857142857142	0.6
6	0.09523809523809523	0.6666666666666666
7	0.09523809523809523	0.5714285714285714
8	0.11904761904761904	0.625
9	0.11904761904761904	0.5555555555555556
10	0.14285714285714285	0.6
11	0.14285714285714285	0.5454545454545454
12	0.14285714285714285	0.5
13	0.14285714285714285	0.46153846153846156
14	0.14285714285714285	0.42857142857142855
15	0.14285714285714285	0.4
16	0.14285714285714285	0.375
17	0.16666666666666666	0.4117647058823529
18	0.16666666666666666	0.3888888888888889
19	0.16666666666666666	0.3684210526315789
20	0.16666666666666666	0.35
21	0.16666666666666666	0.3333333333333333
22	0.16666666666666666	0.3181818181818182
23	0.16666666666666666	0.30434782608695654
24	0.19047619047619047	0.3333333333333333
25	0.21428571428571427	0.36
26	0.23809523809523808	0.38461538461538464
27	0.2619047619047619	0.4074074074074074
28	0.2619047619047619	0.39285714285714285
29	0.2619047619047619	0.3793103448275862
30	0.2619047619047619	0.36666666666666664
