1	0.022727272727272728	1.0
2	0.045454545454545456	1.0
3	0.06818181818181818	1.0
4	0.09090909090909091	1.0
5	0.11363636363636363	1.0
6	0.13636363636363635	1.0
7	0.1590909090909091	1.0
8	0.18181818181818182	1.0
9	0.20454545454545456	1.0
10	0.22727272727272727	1.0
11	0.25	1.0
12	0.2727272727272727	1.0
13	0.2727272727272727	0.9230769230769231
14	0.29545454545454547	0.9285714285714286
15	0.3181818181818182	0.9333333333333333
16	0.3409090909090909	0.9375
17	0.36363636363636365	0.9411764705882353
18	0.38636363636363635	0.9444444444444444
19	0.38636363636363635	0.8947368421052632
20	0.4090909090909091	0.9
21	0.4090909090909091	0.8571428571428571
22	0.4090909090909091	0.8181818181818182
23	0.4090909090909091	0.782608695652174
24	0.4090909090909091	0.75
25	0.4318181818181818	0.76
26	0.4318181818181818	0.7307692307692307
27	0.45454545454545453	0.7407407407407407
28	0.4772727272727273	0.75
29	0.4772727272727273	0.7241379310344828
30	0.4772727272727273	0.7
