1	0.020833333333333332	1.0
2	0.041666666666666664	1.0
3	0.0625	1.0
4	0.08333333333333333	1.0
5	0.10416666666666667	1.0
6	0.125	1.0
7	0.125	0.8571428571428571
8	0.14583333333333334	0.875
9	0.14583333333333334	0.7777777777777778
10	0.16666666666666666	0.8
11	0.16666666666666666	0.7272727272727273
12	0.16666666666666666	0.6666666666666666
13	0.16666666666666666	0.6153846153846154
14	0.16666666666666666	0.5714285714285714
15	0.16666666666666666	0.5333333333333333
16	0.16666666666666666	0.5
17	0.16666666666666666	0.47058823529411764
18	0.16666666666666666	0.4444444444444444
19	0.16666666666666666	0.42105263157894735
20	0.16666666666666666	0.4
21	0.16666666666666666	0.38095238095238093
22	0.1875	0.4090909090909091
23	0.1875	0.391304347826087
24	0.20833333333333334	0.4166666666666667
25	0.20833333333333334	0.4
26	0.20833333333333334	0.38461538461538464
27	0.20833333333333334	0.37037037037037035
28	0.20833333333333334	0.35714285714285715
29	0.20833333333333334	0.3448275862068966
30	0.20833333333333334	0.3333333333333333
