1	0.029411764705882353	1.0
2	0.058823529411764705	1.0
3	0.08823529411764706	1.0
4	0.08823529411764706	0.75
5	0.08823529411764706	0.6
6	0.11764705882352941	0.6666666666666666
7	0.11764705882352941	0.5714285714285714
8	0.11764705882352941	0.5
9	0.14705882352941177	0.5555555555555556
10	0.17647058823529413	0.6
11	0.17647058823529413	0.5454545454545454
12	0.20588235294117646	0.5833333333333334
13	0.23529411764705882	0.6153846153846154
14	0.23529411764705882	0.5714285714285714
15	0.2647058823529412	0.6
16	0.2647058823529412	0.5625
17	0.2647058823529412	0.5294117647058824
18	0.29411764705882354	0.5555555555555556
19	0.29411764705882354	0.5263157894736842
20	0.3235294117647059	0.55
21	0.3235294117647059	0.5238095238095238
22	0.3235294117647059	0.5
23	0.3235294117647059	0.4782608695652174
24	0.3235294117647059	0.4583333333333333
25	0.35294117647058826	0.48
26	0.38235294117647056	0.5
27	0.38235294117647056	0.48148148148148145
28	0.38235294117647056	0.4642857142857143
29	0.38235294117647056	0.4482758620689655
30	0.38235294117647056	0.43333333333333335
