1	0.03125	1.0
2	0.03125	0.5
3	0.03125	0.3333333333333333
4	0.03125	0.25
5	0.0625	0.4
6	0.09375	0.5
7	0.125	0.5714285714285714
8	0.15625	0.625
9	0.1875	0.6666666666666666
10	0.1875	0.6
11	0.21875	0.6363636363636364
12	0.21875	0.5833333333333334
13	0.25	0.6153846153846154
14	0.25	0.5714285714285714
15	0.28125	0.6
16	0.28125	0.5625
17	0.28125	0.5294117647058824
18	0.28125	0.5
19	0.28125	0.47368421052631576
20	0.28125	0.45
21	0.3125	0.47619047619047616
22	0.3125	0.45454545454545453
23	0.3125	0.43478260869565216
24	0.3125	0.4166666666666667
25	0.3125	0.4
26	0.3125	0.38461538461538464
27	0.34375	0.4074074074074074
28	0.375	0.42857142857142855
29	0.375	0.41379310344827586
30	0.375	0.4
