1	0.043478260869565216	1.0
2	0.08695652173913043	1.0
3	0.13043478260869565	1.0
4	0.17391304347826086	1.0
5	0.21739130434782608	1.0
6	0.2608695652173913	1.0
7	0.2608695652173913	0.8571428571428571
8	0.30434782608695654	0.875
9	0.34782608695652173	0.8888888888888888
10	0.391304347826087	0.9
11	0.43478260869565216	0.9090909090909091
12	0.4782608695652174	0.9166666666666666
13	0.5217391304347826	0.9230769230769231
14	0.5652173913043478	0.9285714285714286
15	0.5652173913043478	0.8666666666666667
16	0.6086956521739131	0.875
17	0.6086956521739131	0.8235294117647058
18	0.6086956521739131	0.7777777777777778
19	0.6521739130434783	0.7894736842105263
20	0.6956521739130435	0.8
21	0.7391304347826086	0.8095238095238095
22	0.782608695652174	0.8181818181818182
23	0.8260869565217391	0.8260869565217391
24	0.8695652173913043	0.8333333333333334
25	0.9130434782608695	0.84
26	0.9565217391304348	0.8461538461538461
27	1.0	0.8518518518518519
28	1.0	0.8214285714285714
29	1.0	0.7931034482758621
30	1.0	0.7666666666666667
