1	0.00847457627118644	1.0
2	0.01694915254237288	1.0
3	0.025423728813559324	1.0
4	0.03389830508474576	1.0
5	0.0423728813559322	1.0
6	0.05084745762711865	1.0
7	0.059322033898305086	1.0
8	0.06779661016949153	1.0
9	0.07627118644067797	1.0
10	0.0847457627118644	1.0
11	0.09322033898305085	1.0
12	0.1016949152542373	1.0
13	0.11016949152542373	1.0
14	0.11864406779661017	1.0
15	0.1271186440677966	1.0
16	0.13559322033898305	1.0
17	0.1440677966101695	1.0
18	0.15254237288135594	1.0
19	0.16101694915254236	1.0
20	0.1694915254237288	1.0
21	0.17796610169491525	1.0
22	0.1864406779661017	1.0
23	0.19491525423728814	1.0
24	0.2033898305084746	1.0
25	0.211864406779661	1.0
26	0.22033898305084745	1.0
27	0.2288135593220339	1.0
28	0.23728813559322035	1.0
29	0.2457627118644068	1.0
30	0.2542372881355932	1.0
