1	0.02857142857142857	1.0
2	0.05714285714285714	1.0
3	0.08571428571428572	1.0
4	0.11428571428571428	1.0
5	0.14285714285714285	1.0
6	0.17142857142857143	1.0
7	0.2	1.0
8	0.22857142857142856	1.0
9	0.2571428571428571	1.0
10	0.2857142857142857	1.0
11	0.3142857142857143	1.0
12	0.34285714285714286	1.0
13	0.37142857142857144	1.0
14	0.4	1.0
15	0.42857142857142855	1.0
16	0.45714285714285713	1.0
17	0.4857142857142857	1.0
18	0.4857142857142857	0.9444444444444444
19	0.5142857142857142	0.9473684210526315
20	0.5428571428571428	0.95
21	0.5714285714285714	0.9523809523809523
22	0.6	0.9545454545454546
23	0.6285714285714286	0.9565217391304348
24	0.6571428571428571	0.9583333333333334
25	0.6571428571428571	0.92
26	0.6857142857142857	0.9230769230769231
27	0.6857142857142857	0.8888888888888888
28	0.6857142857142857	0.8571428571428571
29	0.6857142857142857	0.8275862068965517
30	0.6857142857142857	0.8
