1	0.01639344262295082	1.0
2	0.01639344262295082	0.5
3	0.03278688524590164	0.6666666666666666
4	0.04918032786885246	0.75
5	0.04918032786885246	0.6
6	0.06557377049180328	0.6666666666666666
7	0.06557377049180328	0.5714285714285714
8	0.06557377049180328	0.5
9	0.06557377049180328	0.4444444444444444
10	0.06557377049180328	0.4
11	0.06557377049180328	0.36363636363636365
12	0.06557377049180328	0.3333333333333333
13	0.08196721311475409	0.38461538461538464
14	0.08196721311475409	0.35714285714285715
15	0.09836065573770492	0.4
16	0.09836065573770492	0.375
17	0.11475409836065574	0.4117647058823529
18	0.13114754098360656	0.4444444444444444
19	0.14754098360655737	0.47368421052631576
20	0.14754098360655737	0.45
21	0.16393442622950818	0.47619047619047616
22	0.18032786885245902	0.5
23	0.18032786885245902	0.4782608695652174
24	0.19672131147540983	0.5
25	0.21311475409836064	0.52
26	0.22950819672131148	0.5384615384615384
27	0.22950819672131148	0.5185185185185185
28	0.22950819672131148	0.5
29	0.22950819672131148	0.4827586206896552
30	0.22950819672131148	0.4666666666666667
