1	0.03571428571428571	1.0
2	0.07142857142857142	1.0
3	0.10714285714285714	1.0
4	0.10714285714285714	0.75
5	0.14285714285714285	0.8
6	0.14285714285714285	0.6666666666666666
7	0.17857142857142858	0.7142857142857143
8	0.17857142857142858	0.625
9	0.21428571428571427	0.6666666666666666
10	0.25	0.7
11	0.25	0.6363636363636364
12	0.25	0.5833333333333334
13	0.25	0.5384615384615384
14	0.25	0.5
15	0.2857142857142857	0.5333333333333333
16	0.2857142857142857	0.5
17	0.32142857142857145	0.5294117647058824
18	0.32142857142857145	0.5
19	0.32142857142857145	0.47368421052631576
20	0.35714285714285715	0.5
21	0.35714285714285715	0.47619047619047616
22	0.35714285714285715	0.45454545454545453
23	0.39285714285714285	0.4782608695652174
24	0.39285714285714285	0.4583333333333333
25	0.39285714285714285	0.44
26	0.42857142857142855	0.46153846153846156
27	0.42857142857142855	0.4444444444444444
28	0.4642857142857143	0.4642857142857143
29	0.4642857142857143	0.4482758620689655
30	0.4642857142857143	0.43333333333333335
