1	0.047619047619047616	1.0
2	0.09523809523809523	1.0
3	0.14285714285714285	1.0
4	0.19047619047619047	1.0
5	0.23809523809523808	1.0
6	0.23809523809523808	0.8333333333333334
7	0.23809523809523808	0.7142857142857143
8	0.2857142857142857	0.75
9	0.2857142857142857	0.6666666666666666
10	0.2857142857142857	0.6
11	0.3333333333333333	0.6363636363636364
12	0.38095238095238093	0.6666666666666666
13	0.42857142857142855	0.6923076923076923
14	0.42857142857142855	0.6428571428571429
15	0.42857142857142855	0.6
16	0.42857142857142855	0.5625
17	0.47619047619047616	0.5882352941176471
18	0.47619047619047616	0.5555555555555556
19	0.47619047619047616	0.5263157894736842
20	0.5238095238095238	0.55
21	0.5238095238095238	0.5238095238095238
22	0.5238095238095238	0.5
23	0.5238095238095238	0.4782608695652174
24	0.5238095238095238	0.4583333333333333
25	0.5238095238095238	0.44
26	0.5238095238095238	0.4230769230769231
27	0.5238095238095238	0.4074074074074074
28	0.5238095238095238	0.39285714285714285
29	0.5238095238095238	0.3793103448275862
30	0.5238095238095238	0.36666666666666664
