1	0.0	0.0
2	0.0	0.0
3	0.0	0.0
4	0.0	0.0
5	0.0	0.0
6	0.03225806451612903	0.16666666666666666
7	0.06451612903225806	0.2857142857142857
8	0.06451612903225806	0.25
9	0.06451612903225806	0.2222222222222222
10	0.06451612903225806	0.2
11	0.06451612903225806	0.18181818181818182
12	0.06451612903225806	0.16666666666666666
13	0.06451612903225806	0.15384615384615385
14	0.06451612903225806	0.14285714285714285
15	0.0967741935483871	0.2
16	0.0967741935483871	0.1875
17	0.0967741935483871	0.17647058823529413
18	0.0967741935483871	0.16666666666666666
19	0.0967741935483871	0.15789473684210525
20	0.0967741935483871	0.15
21	0.12903225806451613	0.19047619047619047
22	0.12903225806451613	0.18181818181818182
23	0.12903225806451613	0.17391304347826086
24	0.12903225806451613	0.16666666666666666
25	0.12903225806451613	0.16
26	0.16129032258064516	0.19230769230769232
27	0.16129032258064516	0.18518518518518517
28	0.16129032258064516	0.17857142857142858
29	0.16129032258064516	0.1724137931034483
30	0.16129032258064516	0.16666666666666666
