1	0.014285714285714285	1.0
2	0.014285714285714285	0.5
3	0.02857142857142857	0.6666666666666666
4	0.04285714285714286	0.75
5	0.04285714285714286	0.6
6	0.05714285714285714	0.6666666666666666
7	0.05714285714285714	0.5714285714285714
8	0.07142857142857142	0.625
9	0.07142857142857142	0.5555555555555556
10	0.08571428571428572	0.6
11	0.1	0.6363636363636364
12	0.1	0.5833333333333334
13	0.11428571428571428	0.6153846153846154
14	0.12857142857142856	0.6428571428571429
15	0.12857142857142856	0.6
16	0.12857142857142856	0.5625
17	0.12857142857142856	0.5294117647058824
18	0.12857142857142856	0.5
19	0.12857142857142856	0.47368421052631576
20	0.12857142857142856	0.45
21	0.12857142857142856	0.42857142857142855
22	0.14285714285714285	0.45454545454545453
23	0.14285714285714285	0.43478260869565216
24	0.14285714285714285	0.4166666666666667
25	0.14285714285714285	0.4
26	0.14285714285714285	0.38461538461538464
27	0.15714285714285714	0.4074074074074074
28	0.17142857142857143	0.42857142857142855
29	0.17142857142857143	0.41379310344827586
30	0.18571428571428572	0.43333333333333335
