1	0.047619047619047616	1.0
2	0.09523809523809523	1.0
3	0.09523809523809523	0.6666666666666666
4	0.14285714285714285	0.75
5	0.19047619047619047	0.8
6	0.23809523809523808	0.8333333333333334
7	0.2857142857142857	0.8571428571428571
8	0.2857142857142857	0.75
9	0.2857142857142857	0.6666666666666666
10	0.3333333333333333	0.7
11	0.38095238095238093	0.7272727272727273
12	0.42857142857142855	0.75
13	0.42857142857142855	0.6923076923076923
14	0.47619047619047616	0.7142857142857143
15	0.47619047619047616	0.6666666666666666
16	0.5238095238095238	0.6875
17	0.5238095238095238	0.6470588235294118
18	0.5238095238095238	0.6111111111111112
19	0.5238095238095238	0.5789473684210527
20	0.5714285714285714	0.6
21	0.5714285714285714	0.5714285714285714
22	0.5714285714285714	0.5454545454545454
23	0.5714285714285714	0.5217391304347826
24	0.6190476190476191	0.5416666666666666
25	0.6190476190476191	0.52
26	0.6190476190476191	0.5
27	0.6190476190476191	0.48148148148148145
28	0.6190476190476191	0.4642857142857143
29	0.6190476190476191	0.4482758620689655
30	0.6190476190476191	0.43333333333333335
