1	0.022727272727272728	1.0
2	0.045454545454545456	1.0
3	0.045454545454545456	0.6666666666666666
4	0.06818181818181818	0.75
5	0.09090909090909091	0.8
6	0.09090909090909091	0.6666666666666666
7	0.11363636363636363	0.7142857142857143
8	0.11363636363636363	0.625
9	0.13636363636363635	0.6666666666666666
10	0.1590909090909091	0.7
11	0.1590909090909091	0.6363636363636364
12	0.1590909090909091	0.5833333333333334
13	0.1590909090909091	0.5384615384615384
14	0.1590909090909091	0.5
15	0.1590909090909091	0.4666666666666667
16	0.18181818181818182	0.5
17	0.20454545454545456	0.5294117647058824
18	0.20454545454545456	0.5
19	0.20454545454545456	0.47368421052631576
20	0.22727272727272727	0.5
21	0.22727272727272727	0.47619047619047616
22	0.22727272727272727	0.45454545454545453
23	0.22727272727272727	0.43478260869565216
24	0.22727272727272727	0.4166666666666667
25	0.25	0.44
26	0.2727272727272727	0.46153846153846156
27	0.29545454545454547	0.48148148148148145
28	0.29545454545454547	0.4642857142857143
29	0.29545454545454547	0.4482758620689655
30	0.29545454545454547	0.43333333333333335
