1	0.04	1.0
2	0.08	1.0
3	0.12	1.0
4	0.12	0.75
5	0.12	0.6
6	0.16	0.6666666666666666
7	0.16	0.5714285714285714
8	0.16	0.5
9	0.2	0.5555555555555556
10	0.2	0.5
11	0.2	0.45454545454545453
12	0.2	0.4166666666666667
13	0.2	0.38461538461538464
14	0.2	0.35714285714285715
15	0.2	0.3333333333333333
16	0.24	0.375
17	0.28	0.4117647058823529
18	0.28	0.3888888888888889
19	0.28	0.3684210526315789
20	0.28	0.35
21	0.28	0.3333333333333333
22	0.32	0.36363636363636365
23	0.32	0.34782608695652173
24	0.32	0.3333333333333333
25	0.32	0.32
26	0.32	0.3076923076923077
27	0.32	0.2962962962962963
28	0.32	0.2857142857142857
29	0.32	0.27586206896551724
30	0.32	0.26666666666666666
