1	0.05555555555555555	1.0
2	0.05555555555555555	0.5
3	0.05555555555555555	0.3333333333333333
4	0.1111111111111111	0.5
5	0.1111111111111111	0.4
6	0.16666666666666666	0.5
7	0.16666666666666666	0.42857142857142855
8	0.16666666666666666	0.375
9	0.16666666666666666	0.3333333333333333
10	0.16666666666666666	0.3
11	0.16666666666666666	0.2727272727272727
12	0.16666666666666666	0.25
13	0.16666666666666666	0.23076923076923078
14	0.2222222222222222	0.2857142857142857
15	0.2777777777777778	0.3333333333333333
16	0.2777777777777778	0.3125
17	0.3333333333333333	0.35294117647058826
18	0.3333333333333333	0.3333333333333333
19	0.3333333333333333	0.3157894736842105
20	0.3888888888888889	0.35
21	0.3888888888888889	0.3333333333333333
22	0.3888888888888889	0.3181818181818182
23	0.3888888888888889	0.30434782608695654
24	0.3888888888888889	0.2916666666666667
25	0.4444444444444444	0.32
26	0.4444444444444444	0.3076923076923077
27	0.4444444444444444	0.2962962962962963
28	0.4444444444444444	0.2857142857142857
29	0.4444444444444444	0.27586206896551724
30	0.4444444444444444	0.26666666666666666
