1	0.03571428571428571	1.0
2	0.07142857142857142	1.0
3	0.07142857142857142	0.6666666666666666
4	0.07142857142857142	0.5
5	0.10714285714285714	0.6
6	0.14285714285714285	0.6666666666666666
7	0.17857142857142858	0.7142857142857143
8	0.21428571428571427	0.75
9	0.21428571428571427	0.6666666666666666
10	0.25	0.7
11	0.2857142857142857	0.7272727272727273
12	0.32142857142857145	0.75
13	0.32142857142857145	0.6923076923076923
14	0.35714285714285715	0.7142857142857143
15	0.35714285714285715	0.6666666666666666
16	0.35714285714285715	0.625
17	0.39285714285714285	0.6470588235294118
18	0.42857142857142855	0.6666666666666666
19	0.4642857142857143	0.6842105263157895
20	0.4642857142857143	0.65
21	0.4642857142857143	0.6190476190476191
22	0.4642857142857143	0.5909090909090909
23	0.4642857142857143	0.5652173913043478
24	0.5	0.5833333333333334
25	0.5	0.56
26	0.5	0.5384615384615384
27	0.5	0.5185185185185185
28	0.5	0.5
29	0.5	0.4827586206896552
30	0.5357142857142857	0.5
