1	0.0	0.0
2	0.041666666666666664	0.5
3	0.08333333333333333	0.6666666666666666
4	0.125	0.75
5	0.16666666666666666	0.8
6	0.20833333333333334	0.8333333333333334
7	0.20833333333333334	0.7142857142857143
8	0.25	0.75
9	0.2916666666666667	0.7777777777777778
10	0.2916666666666667	0.7
11	0.3333333333333333	0.7272727272727273
12	0.3333333333333333	0.6666666666666666
13	0.3333333333333333	0.6153846153846154
14	0.375	0.6428571428571429
15	0.375	0.6
16	0.375	0.5625
17	0.375	0.5294117647058824
18	0.375	0.5
19	0.375	0.47368421052631576
20	0.375	0.45
21	0.4166666666666667	0.47619047619047616
22	0.4166666666666667	0.45454545454545453
23	0.4583333333333333	0.4782608695652174
24	0.4583333333333333	0.4583333333333333
25	0.4583333333333333	0.44
26	0.4583333333333333	0.4230769230769231
27	0.4583333333333333	0.4074074074074074
28	0.4583333333333333	0.39285714285714285
29	0.5	0.41379310344827586
30	0.5	0.4
