1	0.013513513513513514	1.0
2	0.02702702702702703	1.0
3	0.04054054054054054	1.0
4	0.05405405405405406	1.0
5	0.06756756756756757	1.0
6	0.08108108108108109	1.0
7	0.0945945945945946	1.0
8	0.10810810810810811	1.0
9	0.12162162162162163	1.0
10	0.13513513513513514	1.0
11	0.14864864864864866	1.0
12	0.16216216216216217	1.0
13	0.17567567567567569	1.0
14	0.1891891891891892	1.0
15	0.20270270270270271	1.0
16	0.21621621621621623	1.0
17	0.22972972972972974	1.0
18	0.24324324324324326	1.0
19	0.25675675675675674	1.0
20	0.2702702702702703	1.0
21	0.28378378378378377	1.0
22	0.2972972972972973	1.0
23	0.3108108108108108	1.0
24	0.32432432432432434	1.0
25	0.33783783783783783	1.0
26	0.35135135135135137	1.0
27	0.36486486486486486	1.0
28	0.3783783783783784	1.0
29	0.3918918918918919	1.0
30	0.40540540540540543	1.0
