1	0.038461538461538464	1.0
2	0.07692307692307693	1.0
3	0.11538461538461539	1.0
4	0.15384615384615385	1.0
5	0.19230769230769232	1.0
6	0.23076923076923078	1.0
7	0.23076923076923078	0.8571428571428571
8	0.2692307692307692	0.875
9	0.3076923076923077	0.8888888888888888
10	0.3076923076923077	0.8
11	0.3076923076923077	0.7272727272727273
12	0.3076923076923077	0.6666666666666666
13	0.34615384615384615	0.6923076923076923
14	0.34615384615384615	0.6428571428571429
15	0.34615384615384615	0.6
16	0.34615384615384615	0.5625
17	0.34615384615384615	0.5294117647058824
18	0.34615384615384615	0.5
19	0.34615384615384615	0.47368421052631576
20	0.34615384615384615	0.45
21	0.38461538461538464	0.47619047619047616
22	0.38461538461538464	0.45454545454545453
23	0.38461538461538464	0.43478260869565216
24	0.38461538461538464	0.4166666666666667
25	0.38461538461538464	0.4
26	0.4230769230769231	0.4230769230769231
27	0.46153846153846156	0.4444444444444444
28	0.46153846153846156	0.42857142857142855
29	0.46153846153846156	0.41379310344827586
30	0.5	0.43333333333333335
