1	0.022727272727272728	1.0
2	0.045454545454545456	1.0
3	0.06818181818181818	1.0
4	0.09090909090909091	1.0
5	0.11363636363636363	1.0
6	0.13636363636363635	1.0
7	0.1590909090909091	1.0
8	0.18181818181818182	1.0
9	0.20454545454545456	1.0
10	0.22727272727272727	1.0
11	0.25	1.0
12	0.2727272727272727	1.0
13	0.29545454545454547	1.0
14	0.3181818181818182	1.0
15	0.3409090909090909	1.0
16	0.36363636363636365	1.0
17	0.38636363636363635	1.0
18	0.4090909090909091	1.0
19	0.4318181818181818	1.0
20	0.45454545454545453	1.0
21	0.4772727272727273	1.0
22	0.5	1.0
23	0.5227272727272727	1.0
24	0.5227272727272727	0.9583333333333334
25	0.5227272727272727	0.92
26	0.5454545454545454	0.9230769230769231
27	0.5681818181818182	0.9259259259259259
28	0.5909090909090909	0.9285714285714286
29	0.6136363636363636	0.9310344827586207
30	0.6363636363636364	0.9333333333333333
