1	0.007194244604316547	1.0
2	0.014388489208633094	1.0
3	0.02158273381294964	1.0
4	0.02877697841726619	1.0
5	0.02877697841726619	0.8
6	0.03597122302158273	0.8333333333333334
7	0.04316546762589928	0.8571428571428571
8	0.050359712230215826	0.875
9	0.05755395683453238	0.8888888888888888
10	0.06474820143884892	0.9
11	0.07194244604316546	0.9090909090909091
12	0.07913669064748201	0.9166666666666666
13	0.08633093525179857	0.9230769230769231
14	0.09352517985611511	0.9285714285714286
15	0.10071942446043165	0.9333333333333333
16	0.1079136690647482	0.9375
17	0.11510791366906475	0.9411764705882353
18	0.1223021582733813	0.9444444444444444
19	0.12949640287769784	0.9473684210526315
20	0.1366906474820144	0.95
21	0.14388489208633093	0.9523809523809523
22	0.1510791366906475	0.9545454545454546
23	0.15827338129496402	0.9565217391304348
24	0.16546762589928057	0.9583333333333334
25	0.17266187050359713	0.96
26	0.17985611510791366	0.9615384615384616
27	0.18705035971223022	0.9629629629629629
28	0.19424460431654678	0.9642857142857143
29	0.2014388489208633	0.9655172413793104
30	0.20863309352517986	0.9666666666666667
