1	0.03571428571428571	1.0
2	0.07142857142857142	1.0
3	0.07142857142857142	0.6666666666666666
4	0.07142857142857142	0.5
5	0.10714285714285714	0.6
6	0.10714285714285714	0.5
7	0.14285714285714285	0.5714285714285714
8	0.14285714285714285	0.5
9	0.14285714285714285	0.4444444444444444
10	0.17857142857142858	0.5
11	0.21428571428571427	0.5454545454545454
12	0.25	0.5833333333333334
13	0.25	0.5384615384615384
14	0.25	0.5
15	0.25	0.4666666666666667
16	0.25	0.4375
17	0.25	0.4117647058823529
18	0.25	0.3888888888888889
19	0.25	0.3684210526315789
20	0.25	0.35
21	0.25	0.3333333333333333
22	0.25	0.3181818181818182
23	0.25	0.30434782608695654
24	0.2857142857142857	0.3333333333333333
25	0.32142857142857145	0.36
26	0.32142857142857145	0.34615384615384615
27	0.32142857142857145	0.3333333333333333
28	0.32142857142857145	0.32142857142857145
29	0.35714285714285715	0.3448275862068966
30	0.35714285714285715	0.3333333333333333
