1	0.0	0.0
2	0.01694915254237288	0.5
3	0.01694915254237288	0.3333333333333333
4	0.01694915254237288	0.25
5	0.03389830508474576	0.4
6	0.05084745762711865	0.5
7	0.06779661016949153	0.5714285714285714
8	0.06779661016949153	0.5
9	0.0847457627118644	0.5555555555555556
10	0.1016949152542373	0.6
11	0.11864406779661017	0.6363636363636364
12	0.13559322033898305	0.6666666666666666
13	0.13559322033898305	0.6153846153846154
14	0.13559322033898305	0.5714285714285714
15	0.15254237288135594	0.6
16	0.15254237288135594	0.5625
17	0.15254237288135594	0.5294117647058824
18	0.15254237288135594	0.5
19	0.15254237288135594	0.47368421052631576
20	0.15254237288135594	0.45
21	0.15254237288135594	0.42857142857142855
22	0.15254237288135594	0.4090909090909091
23	0.15254237288135594	0.391304347826087
24	0.15254237288135594	0.375
25	0.15254237288135594	0.36
26	0.15254237288135594	0.34615384615384615
27	0.1694915254237288	0.37037037037037035
28	0.1694915254237288	0.35714285714285715
29	0.1694915254237288	0.3448275862068966
30	0.1694915254237288	0.3333333333333333
