1	0.0	0.0
2	0.023255813953488372	0.5
3	0.023255813953488372	0.3333333333333333
4	0.023255813953488372	0.25
5	0.046511627906976744	0.4
6	0.06976744186046512	0.5
7	0.09302325581395349	0.5714285714285714
8	0.11627906976744186	0.625
9	0.11627906976744186	0.5555555555555556
10	0.11627906976744186	0.5
11	0.11627906976744186	0.45454545454545453
12	0.11627906976744186	0.4166666666666667
13	0.11627906976744186	0.38461538461538464
14	0.11627906976744186	0.35714285714285715
15	0.13953488372093023	0.4
16	0.13953488372093023	0.375
17	0.13953488372093023	0.35294117647058826
18	0.13953488372093023	0.3333333333333333
19	0.13953488372093023	0.3157894736842105
20	0.13953488372093023	0.3
21	0.16279069767441862	0.3333333333333333
22	0.16279069767441862	0.3181818181818182
23	0.16279069767441862	0.30434782608695654
24	0.16279069767441862	0.2916666666666667
25	0.18604651162790697	0.32
26	0.18604651162790697	0.3076923076923077
27	0.18604651162790697	0.2962962962962963
28	0.18604651162790697	0.2857142857142857
29	0.18604651162790697	0.27586206896551724
30	0.20930232558139536	0.3
