1	0.0625	1.0
2	0.125	1.0
3	0.125	0.6666666666666666
4	0.125	0.5
5	0.125	0.4
6	0.125	0.3333333333333333
7	0.125	0.2857142857142857
8	0.1875	0.375
9	0.1875	0.3333333333333333
10	0.1875	0.3
11	0.1875	0.2727272727272727
12	0.1875	0.25
13	0.1875	0.23076923076923078
14	0.1875	0.21428571428571427
15	0.1875	0.2
16	0.1875	0.1875
17	0.1875	0.17647058823529413
18	0.25	0.2222222222222222
19	0.25	0.21052631578947367
20	0.25	0.2
21	0.25	0.19047619047619047
22	0.25	0.18181818181818182
23	0.3125	0.21739130434782608
24	0.375	0.25
25	0.375	0.24
26	0.375	0.23076923076923078
27	0.375	0.2222222222222222
28	0.375	0.21428571428571427
29	0.375	0.20689655172413793
30	0.375	0.2
