1	0.019230769230769232	1.0
2	0.038461538461538464	1.0
3	0.057692307692307696	1.0
4	0.057692307692307696	0.75
5	0.057692307692307696	0.6
6	0.07692307692307693	0.6666666666666666
7	0.09615384615384616	0.7142857142857143
8	0.09615384615384616	0.625
9	0.11538461538461539	0.6666666666666666
10	0.11538461538461539	0.6
11	0.11538461538461539	0.5454545454545454
12	0.11538461538461539	0.5
13	0.1346153846153846	0.5384615384615384
14	0.1346153846153846	0.5
15	0.1346153846153846	0.4666666666666667
16	0.1346153846153846	0.4375
17	0.1346153846153846	0.4117647058823529
18	0.1346153846153846	0.3888888888888889
19	0.1346153846153846	0.3684210526315789
20	0.1346153846153846	0.35
21	0.1346153846153846	0.3333333333333333
22	0.15384615384615385	0.36363636363636365
23	0.15384615384615385	0.34782608695652173
24	0.15384615384615385	0.3333333333333333
25	0.15384615384615385	0.32
26	0.15384615384615385	0.3076923076923077
27	0.15384615384615385	0.2962962962962963
28	0.15384615384615385	0.2857142857142857
29	0.15384615384615385	0.27586206896551724
30	0.15384615384615385	0.26666666666666666
