1	0.041666666666666664	1.0
2	0.08333333333333333	1.0
3	0.125	1.0
4	0.16666666666666666	1.0
5	0.20833333333333334	1.0
6	0.20833333333333334	0.8333333333333334
7	0.20833333333333334	0.7142857142857143
8	0.20833333333333334	0.625
9	0.25	0.6666666666666666
10	0.2916666666666667	0.7
11	0.2916666666666667	0.6363636363636364
12	0.2916666666666667	0.5833333333333334
13	0.2916666666666667	0.5384615384615384
14	0.2916666666666667	0.5
15	0.3333333333333333	0.5333333333333333
16	0.375	0.5625
17	0.375	0.5294117647058824
18	0.4166666666666667	0.5555555555555556
19	0.4166666666666667	0.5263157894736842
20	0.4166666666666667	0.5
21	0.4166666666666667	0.47619047619047616
22	0.4166666666666667	0.45454545454545453
23	0.4166666666666667	0.43478260869565216
24	0.4166666666666667	0.4166666666666667
25	0.4166666666666667	0.4
26	0.4583333333333333	0.4230769230769231
27	0.4583333333333333	0.4074074074074074
28	0.4583333333333333	0.39285714285714285
29	0.4583333333333333	0.3793103448275862
30	0.4583333333333333	0.36666666666666664
