1	0.07692307692307693	1.0
2	0.07692307692307693	0.5
3	0.07692307692307693	0.3333333333333333
4	0.07692307692307693	0.25
5	0.15384615384615385	0.4
6	0.15384615384615385	0.3333333333333333
7	0.23076923076923078	0.42857142857142855
8	0.3076923076923077	0.5
9	0.3076923076923077	0.4444444444444444
10	0.38461538461538464	0.5
11	0.46153846153846156	0.5454545454545454
12	0.46153846153846156	0.5
13	0.46153846153846156	0.46153846153846156
14	0.46153846153846156	0.42857142857142855
15	0.46153846153846156	0.4
16	0.5384615384615384	0.4375
17	0.5384615384615384	0.4117647058823529
18	0.5384615384615384	0.3888888888888889
19	0.5384615384615384	0.3684210526315789
20	0.5384615384615384	0.35
21	0.5384615384615384	0.3333333333333333
22	0.5384615384615384	0.3181818181818182
23	0.5384615384615384	0.30434782608695654
24	0.5384615384615384	0.2916666666666667
25	0.5384615384615384	0.28
26	0.5384615384615384	0.2692307692307692
27	0.6153846153846154	0.2962962962962963
28	0.6153846153846154	0.2857142857142857
29	0.6153846153846154	0.27586206896551724
30	0.6153846153846154	0.26666666666666666
