1	0.022222222222222223	1.0
2	0.044444444444444446	1.0
3	0.06666666666666667	1.0
4	0.08888888888888889	1.0
5	0.1111111111111111	1.0
6	0.13333333333333333	1.0
7	0.15555555555555556	1.0
8	0.17777777777777778	1.0
9	0.17777777777777778	0.8888888888888888
10	0.17777777777777778	0.8
11	0.17777777777777778	0.7272727272727273
12	0.17777777777777778	0.6666666666666666
13	0.17777777777777778	0.6153846153846154
14	0.2	0.6428571428571429
15	0.2222222222222222	0.6666666666666666
16	0.24444444444444444	0.6875
17	0.26666666666666666	0.7058823529411765
18	0.26666666666666666	0.6666666666666666
19	0.26666666666666666	0.631578947368421
20	0.26666666666666666	0.6
21	0.28888888888888886	0.6190476190476191
22	0.28888888888888886	0.5909090909090909
23	0.3111111111111111	0.6086956521739131
24	0.3333333333333333	0.625
25	0.3333333333333333	0.6
26	0.3333333333333333	0.5769230769230769
27	0.3333333333333333	0.5555555555555556
28	0.3333333333333333	0.5357142857142857
29	0.3333333333333333	0.5172413793103449
30	0.3333333333333333	0.5
