1	0.058823529411764705	1.0
2	0.058823529411764705	0.5
3	0.058823529411764705	0.3333333333333333
4	0.058823529411764705	0.25
5	0.058823529411764705	0.2
6	0.058823529411764705	0.16666666666666666
7	0.058823529411764705	0.14285714285714285
8	0.058823529411764705	0.125
9	0.11764705882352941	0.2222222222222222
10	0.17647058823529413	0.3
11	0.17647058823529413	0.2727272727272727
12	0.17647058823529413	0.25
13	0.17647058823529413	0.23076923076923078
14	0.17647058823529413	0.21428571428571427
15	0.17647058823529413	0.2
16	0.17647058823529413	0.1875
17	0.17647058823529413	0.17647058823529413
18	0.17647058823529413	0.16666666666666666
19	0.17647058823529413	0.15789473684210525
20	0.17647058823529413	0.15
21	0.17647058823529413	0.14285714285714285
22	0.17647058823529413	0.13636363636363635
23	0.17647058823529413	0.13043478260869565
24	0.17647058823529413	0.125
25	0.17647058823529413	0.12
26	0.17647058823529413	0.11538461538461539
27	0.23529411764705882	0.14814814814814814
28	0.23529411764705882	0.14285714285714285
29	0.29411764705882354	0.1724137931034483
30	0.29411764705882354	0.16666666666666666
