1	0.0	0.0
2	0.02857142857142857	0.5
3	0.05714285714285714	0.6666666666666666
4	0.05714285714285714	0.5
5	0.08571428571428572	0.6
6	0.08571428571428572	0.5
7	0.11428571428571428	0.5714285714285714
8	0.14285714285714285	0.625
9	0.17142857142857143	0.6666666666666666
10	0.2	0.7
11	0.22857142857142856	0.7272727272727273
12	0.22857142857142856	0.6666666666666666
13	0.22857142857142856	0.6153846153846154
14	0.22857142857142856	0.5714285714285714
15	0.2571428571428571	0.6
16	0.2857142857142857	0.625
17	0.2857142857142857	0.5882352941176471
18	0.2857142857142857	0.5555555555555556
19	0.2857142857142857	0.5263157894736842
20	0.2857142857142857	0.5
21	0.2857142857142857	0.47619047619047616
22	0.2857142857142857	0.45454545454545453
23	0.2857142857142857	0.43478260869565216
24	0.2857142857142857	0.4166666666666667
25	0.3142857142857143	0.44
26	0.3142857142857143	0.4230769230769231
27	0.3142857142857143	0.4074074074074074
28	0.3142857142857143	0.39285714285714285
29	0.3142857142857143	0.3793103448275862
30	0.3142857142857143	0.36666666666666664
