1	0.024390243902439025	1.0
2	0.04878048780487805	1.0
3	0.07317073170731707	1.0
4	0.07317073170731707	0.75
5	0.0975609756097561	0.8
6	0.0975609756097561	0.6666666666666666
7	0.0975609756097561	0.5714285714285714
8	0.12195121951219512	0.625
9	0.14634146341463414	0.6666666666666666
10	0.17073170731707318	0.7
11	0.17073170731707318	0.6363636363636364
12	0.1951219512195122	0.6666666666666666
13	0.1951219512195122	0.6153846153846154
14	0.21951219512195122	0.6428571428571429
15	0.21951219512195122	0.6
16	0.24390243902439024	0.625
17	0.2682926829268293	0.6470588235294118
18	0.2926829268292683	0.6666666666666666
19	0.3170731707317073	0.6842105263157895
20	0.34146341463414637	0.7
21	0.34146341463414637	0.6666666666666666
22	0.34146341463414637	0.6363636363636364
23	0.36585365853658536	0.6521739130434783
24	0.36585365853658536	0.625
25	0.3902439024390244	0.64
26	0.3902439024390244	0.6153846153846154
27	0.3902439024390244	0.5925925925925926
28	0.4146341463414634	0.6071428571428571
29	0.4146341463414634	0.5862068965517241
30	0.4146341463414634	0.5666666666666667
