1	0.047619047619047616	1.0
2	0.09523809523809523	1.0
3	0.09523809523809523	0.6666666666666666
4	0.14285714285714285	0.75
5	0.19047619047619047	0.8
6	0.23809523809523808	0.8333333333333334
7	0.2857142857142857	0.8571428571428571
8	0.2857142857142857	0.75
9	0.2857142857142857	0.6666666666666666
10	0.2857142857142857	0.6
11	0.2857142857142857	0.5454545454545454
12	0.2857142857142857	0.5
13	0.3333333333333333	0.5384615384615384
14	0.3333333333333333	0.5
15	0.38095238095238093	0.5333333333333333
16	0.42857142857142855	0.5625
17	0.42857142857142855	0.5294117647058824
18	0.42857142857142855	0.5
19	0.42857142857142855	0.47368421052631576
20	0.42857142857142855	0.45
21	0.47619047619047616	0.47619047619047616
22	0.47619047619047616	0.45454545454545453
23	0.47619047619047616	0.43478260869565216
24	0.47619047619047616	0.4166666666666667
25	0.47619047619047616	0.4
26	0.5238095238095238	0.4230769230769231
27	0.5238095238095238	0.4074074074074074
28	0.5238095238095238	0.39285714285714285
29	0.5714285714285714	0.41379310344827586
30	0.5714285714285714	0.4
