1	0.047619047619047616	1.0
2	0.09523809523809523	1.0
3	0.14285714285714285	1.0
4	0.19047619047619047	1.0
5	0.23809523809523808	1.0
6	0.2857142857142857	1.0
7	0.3333333333333333	1.0
8	0.3333333333333333	0.875
9	0.38095238095238093	0.8888888888888888
10	0.38095238095238093	0.8
11	0.38095238095238093	0.7272727272727273
12	0.38095238095238093	0.6666666666666666
13	0.38095238095238093	0.6153846153846154
14	0.38095238095238093	0.5714285714285714
15	0.42857142857142855	0.6
16	0.47619047619047616	0.625
17	0.5238095238095238	0.6470588235294118
18	0.5238095238095238	0.6111111111111112
19	0.5238095238095238	0.5789473684210527
20	0.5714285714285714	0.6
21	0.5714285714285714	0.5714285714285714
22	0.5714285714285714	0.5454545454545454
23	0.5714285714285714	0.5217391304347826
24	0.5714285714285714	0.5
25	0.5714285714285714	0.48
26	0.5714285714285714	0.46153846153846156
27	0.6190476190476191	0.48148148148148145
28	0.6190476190476191	0.4642857142857143
29	0.6190476190476191	0.4482758620689655
30	0.6190476190476191	0.43333333333333335
