1	0.0	0.0
2	0.0	0.0
3	0.0	0.0
4	0.0	0.0
5	0.02631578947368421	0.2
6	0.02631578947368421	0.16666666666666666
7	0.02631578947368421	0.14285714285714285
8	0.05263157894736842	0.25
9	0.07894736842105263	0.3333333333333333
10	0.10526315789473684	0.4
11	0.13157894736842105	0.45454545454545453
12	0.15789473684210525	0.5
13	0.18421052631578946	0.5384615384615384
14	0.18421052631578946	0.5
15	0.21052631578947367	0.5333333333333333
16	0.21052631578947367	0.5
17	0.21052631578947367	0.47058823529411764
18	0.21052631578947367	0.4444444444444444
19	0.23684210526315788	0.47368421052631576
20	0.2631578947368421	0.5
21	0.2894736842105263	0.5238095238095238
22	0.2894736842105263	0.5
23	0.3157894736842105	0.5217391304347826
24	0.34210526315789475	0.5416666666666666
25	0.3684210526315789	0.56
26	0.3684210526315789	0.5384615384615384
27	0.39473684210526316	0.5555555555555556
28	0.42105263157894735	0.5714285714285714
29	0.42105263157894735	0.5517241379310345
30	0.42105263157894735	0.5333333333333333
