1	0.0	0.0
2	0.02702702702702703	0.5
3	0.05405405405405406	0.6666666666666666
4	0.05405405405405406	0.5
5	0.05405405405405406	0.4
6	0.05405405405405406	0.3333333333333333
7	0.08108108108108109	0.42857142857142855
8	0.10810810810810811	0.5
9	0.13513513513513514	0.5555555555555556
10	0.13513513513513514	0.5
11	0.16216216216216217	0.5454545454545454
12	0.16216216216216217	0.5
13	0.16216216216216217	0.46153846153846156
14	0.16216216216216217	0.42857142857142855
15	0.1891891891891892	0.4666666666666667
16	0.1891891891891892	0.4375
17	0.21621621621621623	0.47058823529411764
18	0.21621621621621623	0.4444444444444444
19	0.21621621621621623	0.42105263157894735
20	0.21621621621621623	0.4
21	0.21621621621621623	0.38095238095238093
22	0.21621621621621623	0.36363636363636365
23	0.21621621621621623	0.34782608695652173
24	0.21621621621621623	0.3333333333333333
25	0.21621621621621623	0.32
26	0.21621621621621623	0.3076923076923077
27	0.21621621621621623	0.2962962962962963
28	0.24324324324324326	0.32142857142857145
29	0.24324324324324326	0.3103448275862069
30	0.24324324324324326	0.3
