1	0.011764705882352941	1.0
2	0.023529411764705882	1.0
3	0.03529411764705882	1.0
4	0.047058823529411764	1.0
5	0.058823529411764705	1.0
6	0.07058823529411765	1.0
7	0.08235294117647059	1.0
8	0.09411764705882353	1.0
9	0.10588235294117647	1.0
10	0.11764705882352941	1.0
11	0.12941176470588237	1.0
12	0.1411764705882353	1.0
13	0.15294117647058825	1.0
14	0.16470588235294117	1.0
15	0.17647058823529413	1.0
16	0.18823529411764706	1.0
17	0.2	1.0
18	0.21176470588235294	1.0
19	0.2235294117647059	1.0
20	0.23529411764705882	1.0
21	0.24705882352941178	1.0
22	0.25882352941176473	1.0
23	0.27058823529411763	1.0
24	0.2823529411764706	1.0
25	0.29411764705882354	1.0
26	0.3058823529411765	1.0
27	0.3176470588235294	1.0
28	0.32941176470588235	1.0
29	0.3411764705882353	1.0
30	0.35294117647058826	1.0
