1	0.0	0.0
2	0.05555555555555555	0.5
3	0.1111111111111111	0.6666666666666666
4	0.1111111111111111	0.5
5	0.1111111111111111	0.4
6	0.1111111111111111	0.3333333333333333
7	0.16666666666666666	0.42857142857142855
8	0.16666666666666666	0.375
9	0.16666666666666666	0.3333333333333333
10	0.16666666666666666	0.3
11	0.16666666666666666	0.2727272727272727
12	0.16666666666666666	0.25
13	0.16666666666666666	0.23076923076923078
14	0.16666666666666666	0.21428571428571427
15	0.16666666666666666	0.2
16	0.16666666666666666	0.1875
17	0.16666666666666666	0.17647058823529413
18	0.16666666666666666	0.16666666666666666
19	0.16666666666666666	0.15789473684210525
20	0.2222222222222222	0.2
21	0.2777777777777778	0.23809523809523808
22	0.3333333333333333	0.2727272727272727
23	0.3333333333333333	0.2608695652173913
24	0.3888888888888889	0.2916666666666667
25	0.4444444444444444	0.32
26	0.5	0.34615384615384615
27	0.5	0.3333333333333333
28	0.5	0.32142857142857145
29	0.5	0.3103448275862069
30	0.5	0.3
