1	0.0	0.0
2	0.02564102564102564	0.5
3	0.05128205128205128	0.6666666666666666
4	0.05128205128205128	0.5
5	0.05128205128205128	0.4
6	0.05128205128205128	0.3333333333333333
7	0.05128205128205128	0.2857142857142857
8	0.07692307692307693	0.375
9	0.07692307692307693	0.3333333333333333
10	0.10256410256410256	0.4
11	0.1282051282051282	0.45454545454545453
12	0.1282051282051282	0.4166666666666667
13	0.1282051282051282	0.38461538461538464
14	0.15384615384615385	0.42857142857142855
15	0.1794871794871795	0.4666666666666667
16	0.20512820512820512	0.5
17	0.20512820512820512	0.47058823529411764
18	0.20512820512820512	0.4444444444444444
19	0.23076923076923078	0.47368421052631576
20	0.23076923076923078	0.45
21	0.23076923076923078	0.42857142857142855
22	0.23076923076923078	0.4090909090909091
23	0.23076923076923078	0.391304347826087
24	0.23076923076923078	0.375
25	0.2564102564102564	0.4
26	0.2564102564102564	0.38461538461538464
27	0.2564102564102564	0.37037037037037035
28	0.2564102564102564	0.35714285714285715
29	0.2564102564102564	0.3448275862068966
30	0.2564102564102564	0.3333333333333333
