1	0.008928571428571428	1.0
2	0.017857142857142856	1.0
3	0.026785714285714284	1.0
4	0.03571428571428571	1.0
5	0.044642857142857144	1.0
6	0.05357142857142857	1.0
7	0.0625	1.0
8	0.07142857142857142	1.0
9	0.08035714285714286	1.0
10	0.08928571428571429	1.0
11	0.09821428571428571	1.0
12	0.10714285714285714	1.0
13	0.11607142857142858	1.0
14	0.125	1.0
15	0.13392857142857142	1.0
16	0.14285714285714285	1.0
17	0.15178571428571427	1.0
18	0.16071428571428573	1.0
19	0.16964285714285715	1.0
20	0.17857142857142858	1.0
21	0.1875	1.0
22	0.19642857142857142	1.0
23	0.20535714285714285	1.0
24	0.21428571428571427	1.0
25	0.22321428571428573	1.0
26	0.23214285714285715	1.0
27	0.24107142857142858	1.0
28	0.25	1.0
29	0.25892857142857145	1.0
30	0.26785714285714285	1.0
