1	0.010752688172043012	1.0
2	0.021505376344086023	1.0
3	0.03225806451612903	1.0
4	0.03225806451612903	0.75
5	0.03225806451612903	0.6
6	0.043010752688172046	0.6666666666666666
7	0.053763440860215055	0.7142857142857143
8	0.06451612903225806	0.75
9	0.07526881720430108	0.7777777777777778
10	0.07526881720430108	0.7
11	0.08602150537634409	0.7272727272727273
12	0.08602150537634409	0.6666666666666666
13	0.0967741935483871	0.6923076923076923
14	0.0967741935483871	0.6428571428571429
15	0.0967741935483871	0.6
16	0.10752688172043011	0.625
17	0.11827956989247312	0.6470588235294118
18	0.11827956989247312	0.6111111111111112
19	0.11827956989247312	0.5789473684210527
20	0.12903225806451613	0.6
21	0.12903225806451613	0.5714285714285714
22	0.13978494623655913	0.5909090909090909
23	0.13978494623655913	0.5652173913043478
24	0.13978494623655913	0.5416666666666666
25	0.15053763440860216	0.56
26	0.16129032258064516	0.5769230769230769
27	0.17204301075268819	0.5925925925925926
28	0.17204301075268819	0.5714285714285714
29	0.1827956989247312	0.5862068965517241
30	0.1827956989247312	0.5666666666666667
