1	0.02631578947368421	1.0
2	0.05263157894736842	1.0
3	0.07894736842105263	1.0
4	0.10526315789473684	1.0
5	0.10526315789473684	0.8
6	0.10526315789473684	0.6666666666666666
7	0.10526315789473684	0.5714285714285714
8	0.13157894736842105	0.625
9	0.13157894736842105	0.5555555555555556
10	0.13157894736842105	0.5
11	0.15789473684210525	0.5454545454545454
12	0.15789473684210525	0.5
13	0.15789473684210525	0.46153846153846156
14	0.18421052631578946	0.5
15	0.21052631578947367	0.5333333333333333
16	0.21052631578947367	0.5
17	0.21052631578947367	0.47058823529411764
18	0.21052631578947367	0.4444444444444444
19	0.21052631578947367	0.42105263157894735
20	0.23684210526315788	0.45
21	0.2631578947368421	0.47619047619047616
22	0.2894736842105263	0.5
23	0.2894736842105263	0.4782608695652174
24	0.2894736842105263	0.4583333333333333
25	0.2894736842105263	0.44
26	0.3157894736842105	0.46153846153846156
27	0.3157894736842105	0.4444444444444444
28	0.3157894736842105	0.42857142857142855
29	0.3157894736842105	0.41379310344827586
30	0.3157894736842105	0.4
