1	0.015625	1.0
2	0.03125	1.0
3	0.03125	0.6666666666666666
4	0.046875	0.75
5	0.046875	0.6
6	0.0625	0.6666666666666666
7	0.0625	0.5714285714285714
8	0.078125	0.625
9	0.078125	0.5555555555555556
10	0.078125	0.5
11	0.09375	0.5454545454545454
12	0.109375	0.5833333333333334
13	0.109375	0.5384615384615384
14	0.109375	0.5
15	0.109375	0.4666666666666667
16	0.109375	0.4375
17	0.109375	0.4117647058823529
18	0.125	0.4444444444444444
19	0.125	0.42105263157894735
20	0.125	0.4
21	0.125	0.38095238095238093
22	0.125	0.36363636363636365
23	0.125	0.34782608695652173
24	0.125	0.3333333333333333
25	0.140625	0.36
26	0.15625	0.38461538461538464
27	0.15625	0.37037037037037035
28	0.15625	0.35714285714285715
29	0.15625	0.3448275862068966
30	0.15625	0.3333333333333333
