1	0.014705882352941176	1.0
2	0.029411764705882353	1.0
3	0.04411764705882353	1.0
4	0.058823529411764705	1.0
5	0.07352941176470588	1.0
6	0.08823529411764706	1.0
7	0.10294117647058823	1.0
8	0.11764705882352941	1.0
9	0.1323529411764706	1.0
10	0.1323529411764706	0.9
11	0.1323529411764706	0.8181818181818182
12	0.14705882352941177	0.8333333333333334
13	0.16176470588235295	0.8461538461538461
14	0.16176470588235295	0.7857142857142857
15	0.16176470588235295	0.7333333333333333
16	0.16176470588235295	0.6875
17	0.16176470588235295	0.6470588235294118
18	0.16176470588235295	0.6111111111111112
19	0.17647058823529413	0.631578947368421
20	0.19117647058823528	0.65
21	0.19117647058823528	0.6190476190476191
22	0.20588235294117646	0.6363636363636364
23	0.20588235294117646	0.6086956521739131
24	0.20588235294117646	0.5833333333333334
25	0.20588235294117646	0.56
26	0.20588235294117646	0.5384615384615384
27	0.22058823529411764	0.5555555555555556
28	0.23529411764705882	0.5714285714285714
29	0.25	0.5862068965517241
30	0.25	0.5666666666666667
