1	0.1	1.0
2	0.1	0.5
3	0.1	0.3333333333333333
4	0.2	0.5
5	0.2	0.4
6	0.2	0.3333333333333333
7	0.2	0.2857142857142857
8	0.2	0.25
9	0.2	0.2222222222222222
10	0.2	0.2
11	0.3	0.2727272727272727
12	0.3	0.25
13	0.3	0.23076923076923078
14	0.3	0.21428571428571427
15	0.3	0.2
16	0.3	0.1875
17	0.4	0.23529411764705882
18	0.4	0.2222222222222222
19	0.5	0.2631578947368421
20	0.5	0.25
21	0.5	0.23809523809523808
22	0.6	0.2727272727272727
23	0.7	0.30434782608695654
24	0.8	0.3333333333333333
25	0.9	0.36
26	1.0	0.38461538461538464
27	1.0	0.37037037037037035
28	1.0	0.35714285714285715
29	1.0	0.3448275862068966
30	1.0	0.3333333333333333
