1	0.023809523809523808	1.0
2	0.047619047619047616	1.0
3	0.07142857142857142	1.0
4	0.07142857142857142	0.75
5	0.09523809523809523	0.8
6	0.11904761904761904	0.8333333333333334
7	0.14285714285714285	0.8571428571428571
8	0.14285714285714285	0.75
9	0.14285714285714285	0.6666666666666666
10	0.16666666666666666	0.7
11	0.16666666666666666	0.6363636363636364
12	0.16666666666666666	0.5833333333333334
13	0.16666666666666666	0.5384615384615384
14	0.16666666666666666	0.5
15	0.16666666666666666	0.4666666666666667
16	0.16666666666666666	0.4375
17	0.16666666666666666	0.4117647058823529
18	0.16666666666666666	0.3888888888888889
19	0.16666666666666666	0.3684210526315789
20	0.16666666666666666	0.35
21	0.16666666666666666	0.3333333333333333
22	0.16666666666666666	0.3181818181818182
23	0.19047619047619047	0.34782608695652173
24	0.19047619047619047	0.3333333333333333
25	0.21428571428571427	0.36
26	0.21428571428571427	0.34615384615384615
27	0.21428571428571427	0.3333333333333333
28	0.21428571428571427	0.32142857142857145
29	0.21428571428571427	0.3103448275862069
30	0.23809523809523808	0.3333333333333333
