1	0.011627906976744186	1.0
2	0.023255813953488372	1.0
3	0.03488372093023256	1.0
4	0.046511627906976744	1.0
5	0.05813953488372093	1.0
6	0.06976744186046512	1.0
7	0.08139534883720931	1.0
8	0.09302325581395349	1.0
9	0.10465116279069768	1.0
10	0.11627906976744186	1.0
11	0.12790697674418605	1.0
12	0.13953488372093023	1.0
13	0.1511627906976744	1.0
14	0.1511627906976744	0.9285714285714286
15	0.1511627906976744	0.8666666666666667
16	0.1511627906976744	0.8125
17	0.1511627906976744	0.7647058823529411
18	0.16279069767441862	0.7777777777777778
19	0.1744186046511628	0.7894736842105263
20	0.18604651162790697	0.8
21	0.19767441860465115	0.8095238095238095
22	0.20930232558139536	0.8181818181818182
23	0.20930232558139536	0.782608695652174
24	0.20930232558139536	0.75
25	0.20930232558139536	0.72
26	0.20930232558139536	0.6923076923076923
27	0.20930232558139536	0.6666666666666666
28	0.20930232558139536	0.6428571428571429
29	0.20930232558139536	0.6206896551724138
30	0.20930232558139536	0.6
