1	0.05263157894736842	1.0
2	0.10526315789473684	1.0
3	0.15789473684210525	1.0
4	0.21052631578947367	1.0
5	0.2631578947368421	1.0
6	0.2631578947368421	0.8333333333333334
7	0.2631578947368421	0.7142857142857143
8	0.3157894736842105	0.75
9	0.3684210526315789	0.7777777777777778
10	0.42105263157894735	0.8
11	0.42105263157894735	0.7272727272727273
12	0.42105263157894735	0.6666666666666666
13	0.42105263157894735	0.6153846153846154
14	0.42105263157894735	0.5714285714285714
15	0.47368421052631576	0.6
16	0.5263157894736842	0.625
17	0.5263157894736842	0.5882352941176471
18	0.5263157894736842	0.5555555555555556
19	0.5263157894736842	0.5263157894736842
20	0.5263157894736842	0.5
21	0.5263157894736842	0.47619047619047616
22	0.5263157894736842	0.45454545454545453
23	0.5789473684210527	0.4782608695652174
24	0.5789473684210527	0.4583333333333333
25	0.5789473684210527	0.44
26	0.5789473684210527	0.4230769230769231
27	0.5789473684210527	0.4074074074074074
28	0.5789473684210527	0.39285714285714285
29	0.631578947368421	0.41379310344827586
30	0.6842105263157895	0.43333333333333335
