1	0.017543859649122806	1.0
2	0.03508771929824561	1.0
3	0.05263157894736842	1.0
4	0.07017543859649122	1.0
5	0.08771929824561403	1.0
6	0.10526315789473684	1.0
7	0.12280701754385964	1.0
8	0.14035087719298245	1.0
9	0.15789473684210525	1.0
10	0.17543859649122806	1.0
11	0.19298245614035087	1.0
12	0.21052631578947367	1.0
13	0.22807017543859648	1.0
14	0.24561403508771928	1.0
15	0.24561403508771928	0.9333333333333333
16	0.24561403508771928	0.875
17	0.24561403508771928	0.8235294117647058
18	0.24561403508771928	0.7777777777777778
19	0.2631578947368421	0.7894736842105263
20	0.2807017543859649	0.8
21	0.2807017543859649	0.7619047619047619
22	0.2982456140350877	0.7727272727272727
23	0.3157894736842105	0.782608695652174
24	0.3157894736842105	0.75
25	0.3333333333333333	0.76
26	0.3508771929824561	0.7692307692307693
27	0.3684210526315789	0.7777777777777778
28	0.3684210526315789	0.75
29	0.3684210526315789	0.7241379310344828
30	0.3684210526315789	0.7
