1	0.030303030303030304	1.0
2	0.06060606060606061	1.0
3	0.06060606060606061	0.6666666666666666
4	0.09090909090909091	0.75
5	0.09090909090909091	0.6
6	0.12121212121212122	0.6666666666666666
7	0.12121212121212122	0.5714285714285714
8	0.15151515151515152	0.625
9	0.15151515151515152	0.5555555555555556
10	0.15151515151515152	0.5
11	0.15151515151515152	0.45454545454545453
12	0.15151515151515152	0.4166666666666667
13	0.18181818181818182	0.46153846153846156
14	0.18181818181818182	0.42857142857142855
15	0.18181818181818182	0.4
16	0.18181818181818182	0.375
17	0.18181818181818182	0.35294117647058826
18	0.18181818181818182	0.3333333333333333
19	0.21212121212121213	0.3684210526315789
20	0.21212121212121213	0.35
21	0.21212121212121213	0.3333333333333333
22	0.24242424242424243	0.36363636363636365
23	0.24242424242424243	0.34782608695652173
24	0.24242424242424243	0.3333333333333333
25	0.24242424242424243	0.32
26	0.2727272727272727	0.34615384615384615
27	0.2727272727272727	0.3333333333333333
28	0.2727272727272727	0.32142857142857145
29	0.2727272727272727	0.3103448275862069
30	0.2727272727272727	0.3
