1	0.034482758620689655	1.0
2	0.06896551724137931	1.0
3	0.10344827586206896	1.0
4	0.13793103448275862	1.0
5	0.1724137931034483	1.0
6	0.1724137931034483	0.8333333333333334
7	0.20689655172413793	0.8571428571428571
8	0.2413793103448276	0.875
9	0.2413793103448276	0.7777777777777778
10	0.27586206896551724	0.8
11	0.27586206896551724	0.7272727272727273
12	0.27586206896551724	0.6666666666666666
13	0.3103448275862069	0.6923076923076923
14	0.3448275862068966	0.7142857142857143
15	0.3448275862068966	0.6666666666666666
16	0.3793103448275862	0.6875
17	0.3793103448275862	0.6470588235294118
18	0.3793103448275862	0.6111111111111112
19	0.3793103448275862	0.5789473684210527
20	0.3793103448275862	0.55
21	0.3793103448275862	0.5238095238095238
22	0.3793103448275862	0.5
23	0.3793103448275862	0.4782608695652174
24	0.3793103448275862	0.4583333333333333
25	0.3793103448275862	0.44
26	0.3793103448275862	0.4230769230769231
27	0.3793103448275862	0.4074074074074074
28	0.3793103448275862	0.39285714285714285
29	0.3793103448275862	0.3793103448275862
30	0.3793103448275862	0.36666666666666664
