1	0.037037037037037035	1.0
2	0.037037037037037035	0.5
3	0.037037037037037035	0.3333333333333333
4	0.07407407407407407	0.5
5	0.07407407407407407	0.4
6	0.07407407407407407	0.3333333333333333
7	0.07407407407407407	0.2857142857142857
8	0.07407407407407407	0.25
9	0.07407407407407407	0.2222222222222222
10	0.07407407407407407	0.2
11	0.07407407407407407	0.18181818181818182
12	0.07407407407407407	0.16666666666666666
13	0.07407407407407407	0.15384615384615385
14	0.07407407407407407	0.14285714285714285
15	0.07407407407407407	0.13333333333333333
16	0.07407407407407407	0.125
17	0.1111111111111111	0.17647058823529413
18	0.14814814814814814	0.2222222222222222
19	0.14814814814814814	0.21052631578947367
20	0.18518518518518517	0.25
21	0.18518518518518517	0.23809523809523808
22	0.18518518518518517	0.22727272727272727
23	0.18518518518518517	0.21739130434782608
24	0.18518518518518517	0.20833333333333334
25	0.18518518518518517	0.2
26	0.18518518518518517	0.19230769230769232
27	0.18518518518518517	0.18518518518518517
28	0.18518518518518517	0.17857142857142858
29	0.18518518518518517	0.1724137931034483
30	0.18518518518518517	0.16666666666666666
