1	0.025	1.0
2	0.05	1.0
3	0.075	1.0
4	0.075	0.75
5	0.075	0.6
6	0.075	0.5
7	0.075	0.42857142857142855
8	0.075	0.375
9	0.1	0.4444444444444444
10	0.1	0.4
11	0.1	0.36363636363636365
12	0.1	0.3333333333333333
13	0.125	0.38461538461538464
14	0.125	0.35714285714285715
15	0.125	0.3333333333333333
16	0.15	0.375
17	0.175	0.4117647058823529
18	0.175	0.3888888888888889
19	0.2	0.42105263157894735
20	0.2	0.4
21	0.2	0.38095238095238093
22	0.2	0.36363636363636365
23	0.2	0.34782608695652173
24	0.225	0.375
25	0.225	0.36
26	0.225	0.34615384615384615
27	0.225	0.3333333333333333
28	0.25	0.35714285714285715
29	0.25	0.3448275862068966
30	0.25	0.3333333333333333
