1	0.05	1.0
2	0.05	0.5
3	0.05	0.3333333333333333
4	0.05	0.25
5	0.05	0.2
6	0.05	0.16666666666666666
7	0.05	0.14285714285714285
8	0.05	0.125
9	0.05	0.1111111111111111
10	0.05	0.1
11	0.05	0.09090909090909091
12	0.05	0.08333333333333333
13	0.1	0.15384615384615385
14	0.1	0.14285714285714285
15	0.1	0.13333333333333333
16	0.1	0.125
17	0.1	0.11764705882352941
18	0.1	0.1111111111111111
19	0.15	0.15789473684210525
20	0.15	0.15
21	0.2	0.19047619047619047
22	0.2	0.18181818181818182
23	0.2	0.17391304347826086
24	0.2	0.16666666666666666
25	0.2	0.16
26	0.2	0.15384615384615385
27	0.25	0.18518518518518517
28	0.25	0.17857142857142858
29	0.25	0.1724137931034483
30	0.3	0.2
