1	0.041666666666666664	1.0
2	0.08333333333333333	1.0
3	0.125	1.0
4	0.16666666666666666	1.0
5	0.20833333333333334	1.0
6	0.25	1.0
7	0.2916666666666667	1.0
8	0.3333333333333333	1.0
9	0.375	1.0
10	0.375	0.9
11	0.4166666666666667	0.9090909090909091
12	0.4166666666666667	0.8333333333333334
13	0.4166666666666667	0.7692307692307693
14	0.4166666666666667	0.7142857142857143
15	0.4583333333333333	0.7333333333333333
16	0.5	0.75
17	0.5416666666666666	0.7647058823529411
18	0.5833333333333334	0.7777777777777778
19	0.5833333333333334	0.7368421052631579
20	0.5833333333333334	0.7
21	0.5833333333333334	0.6666666666666666
22	0.625	0.6818181818181818
23	0.6666666666666666	0.6956521739130435
24	0.6666666666666666	0.6666666666666666
25	0.7083333333333334	0.68
26	0.7083333333333334	0.6538461538461539
27	0.7083333333333334	0.6296296296296297
28	0.7083333333333334	0.6071428571428571
29	0.7083333333333334	0.5862068965517241
30	0.7083333333333334	0.5666666666666667
