1	0.0	0.0
2	0.038461538461538464	0.5
3	0.038461538461538464	0.3333333333333333
4	0.07692307692307693	0.5
5	0.07692307692307693	0.4
6	0.11538461538461539	0.5
7	0.15384615384615385	0.5714285714285714
8	0.15384615384615385	0.5
9	0.19230769230769232	0.5555555555555556
10	0.23076923076923078	0.6
11	0.2692307692307692	0.6363636363636364
12	0.2692307692307692	0.5833333333333334
13	0.3076923076923077	0.6153846153846154
14	0.34615384615384615	0.6428571428571429
15	0.34615384615384615	0.6
16	0.38461538461538464	0.625
17	0.4230769230769231	0.6470588235294118
18	0.46153846153846156	0.6666666666666666
19	0.5	0.6842105263157895
20	0.5	0.65
21	0.5	0.6190476190476191
22	0.5	0.5909090909090909
23	0.5	0.5652173913043478
24	0.5	0.5416666666666666
25	0.5	0.52
26	0.5	0.5
27	0.5	0.48148148148148145
28	0.5384615384615384	0.5
29	0.5384615384615384	0.4827586206896552
30	0.5384615384615384	0.4666666666666667
