1	0.0125	1.0
2	0.025	1.0
3	0.0375	1.0
4	0.05	1.0
5	0.0625	1.0
6	0.075	1.0
7	0.0875	1.0
8	0.1	1.0
9	0.1125	1.0
10	0.125	1.0
11	0.125	0.9090909090909091
12	0.1375	0.9166666666666666
13	0.15	0.9230769230769231
14	0.1625	0.9285714285714286
15	0.1625	0.8666666666666667
16	0.175	0.875
17	0.1875	0.8823529411764706
18	0.2	0.8888888888888888
19	0.2125	0.8947368421052632
20	0.2125	0.85
21	0.2125	0.8095238095238095
22	0.2125	0.7727272727272727
23	0.225	0.782608695652174
24	0.2375	0.7916666666666666
25	0.25	0.8
26	0.2625	0.8076923076923077
27	0.275	0.8148148148148148
28	0.2875	0.8214285714285714
29	0.3	0.8275862068965517
30	0.3125	0.8333333333333334
