1	0.006944444444444444	1.0
2	0.013888888888888888	1.0
3	0.020833333333333332	1.0
4	0.027777777777777776	1.0
5	0.034722222222222224	1.0
6	0.041666666666666664	1.0
7	0.04861111111111111	1.0
8	0.05555555555555555	1.0
9	0.0625	1.0
10	0.06944444444444445	1.0
11	0.0763888888888889	1.0
12	0.08333333333333333	1.0
13	0.09027777777777778	1.0
14	0.09722222222222222	1.0
15	0.09722222222222222	0.9333333333333333
16	0.09722222222222222	0.875
17	0.09722222222222222	0.8235294117647058
18	0.10416666666666667	0.8333333333333334
19	0.1111111111111111	0.8421052631578947
20	0.1111111111111111	0.8
21	0.11805555555555555	0.8095238095238095
22	0.11805555555555555	0.7727272727272727
23	0.11805555555555555	0.7391304347826086
24	0.11805555555555555	0.7083333333333334
25	0.125	0.72
26	0.125	0.6923076923076923
27	0.125	0.6666666666666666
28	0.125	0.6428571428571429
29	0.125	0.6206896551724138
30	0.125	0.6
