1	0.030303030303030304	1.0
2	0.06060606060606061	1.0
3	0.09090909090909091	1.0
4	0.12121212121212122	1.0
5	0.15151515151515152	1.0
6	0.18181818181818182	1.0
7	0.21212121212121213	1.0
8	0.24242424242424243	1.0
9	0.2727272727272727	1.0
10	0.30303030303030304	1.0
11	0.3333333333333333	1.0
12	0.36363636363636365	1.0
13	0.36363636363636365	0.9230769230769231
14	0.3939393939393939	0.9285714285714286
15	0.42424242424242425	0.9333333333333333
16	0.45454545454545453	0.9375
17	0.48484848484848486	0.9411764705882353
18	0.5151515151515151	0.9444444444444444
19	0.5454545454545454	0.9473684210526315
20	0.5757575757575758	0.95
21	0.5757575757575758	0.9047619047619048
22	0.5757575757575758	0.8636363636363636
23	0.5757575757575758	0.8260869565217391
24	0.6060606060606061	0.8333333333333334
25	0.6363636363636364	0.84
26	0.6666666666666666	0.8461538461538461
27	0.696969696969697	0.8518518518518519
28	0.7272727272727273	0.8571428571428571
29	0.7575757575757576	0.8620689655172413
30	0.7878787878787878	0.8666666666666667
