1	0.02857142857142857	1.0
2	0.05714285714285714	1.0
3	0.08571428571428572	1.0
4	0.08571428571428572	0.75
5	0.11428571428571428	0.8
6	0.14285714285714285	0.8333333333333334
7	0.14285714285714285	0.7142857142857143
8	0.14285714285714285	0.625
9	0.14285714285714285	0.5555555555555556
10	0.14285714285714285	0.5
11	0.14285714285714285	0.45454545454545453
12	0.17142857142857143	0.5
13	0.17142857142857143	0.46153846153846156
14	0.17142857142857143	0.42857142857142855
15	0.17142857142857143	0.4
16	0.17142857142857143	0.375
17	0.2	0.4117647058823529
18	0.22857142857142856	0.4444444444444444
19	0.2571428571428571	0.47368421052631576
20	0.2571428571428571	0.45
21	0.2571428571428571	0.42857142857142855
22	0.2571428571428571	0.4090909090909091
23	0.2571428571428571	0.391304347826087
24	0.2571428571428571	0.375
25	0.2571428571428571	0.36
26	0.2857142857142857	0.38461538461538464
27	0.2857142857142857	0.37037037037037035
28	0.2857142857142857	0.35714285714285715
29	0.2857142857142857	0.3448275862068966
30	0.2857142857142857	0.3333333333333333
