1	0.045454545454545456	1.0
2	0.09090909090909091	1.0
3	0.13636363636363635	1.0
4	0.18181818181818182	1.0
5	0.18181818181818182	0.8
6	0.18181818181818182	0.6666666666666666
7	0.22727272727272727	0.7142857142857143
8	0.22727272727272727	0.625
9	0.22727272727272727	0.5555555555555556
10	0.22727272727272727	0.5
11	0.22727272727272727	0.45454545454545453
12	0.2727272727272727	0.5
13	0.3181818181818182	0.5384615384615384
14	0.3181818181818182	0.5
15	0.3181818181818182	0.4666666666666667
16	0.3181818181818182	0.4375
17	0.3181818181818182	0.4117647058823529
18	0.36363636363636365	0.4444444444444444
19	0.4090909090909091	0.47368421052631576
20	0.4090909090909091	0.45
21	0.4090909090909091	0.42857142857142855
22	0.4090909090909091	0.4090909090909091
23	0.45454545454545453	0.43478260869565216
24	0.45454545454545453	0.4166666666666667
25	0.45454545454545453	0.4
26	0.5	0.4230769230769231
27	0.5	0.4074074074074074
28	0.5454545454545454	0.42857142857142855
29	0.5909090909090909	0.4482758620689655
30	0.5909090909090909	0.43333333333333335
