1	0.018518518518518517	1.0
2	0.018518518518518517	0.5
3	0.037037037037037035	0.6666666666666666
4	0.037037037037037035	0.5
5	0.05555555555555555	0.6
6	0.07407407407407407	0.6666666666666666
7	0.07407407407407407	0.5714285714285714
8	0.07407407407407407	0.5
9	0.07407407407407407	0.4444444444444444
10	0.07407407407407407	0.4
11	0.07407407407407407	0.36363636363636365
12	0.07407407407407407	0.3333333333333333
13	0.07407407407407407	0.3076923076923077
14	0.09259259259259259	0.35714285714285715
15	0.09259259259259259	0.3333333333333333
16	0.09259259259259259	0.3125
17	0.09259259259259259	0.29411764705882354
18	0.1111111111111111	0.3333333333333333
19	0.1111111111111111	0.3157894736842105
20	0.12962962962962962	0.35
21	0.14814814814814814	0.38095238095238093
22	0.14814814814814814	0.36363636363636365
23	0.14814814814814814	0.34782608695652173
24	0.14814814814814814	0.3333333333333333
25	0.14814814814814814	0.32
26	0.14814814814814814	0.3076923076923077
27	0.14814814814814814	0.2962962962962963
28	0.14814814814814814	0.2857142857142857
29	0.14814814814814814	0.27586206896551724
30	0.14814814814814814	0.26666666666666666
