1	0.038461538461538464	1.0
2	0.07692307692307693	1.0
3	0.07692307692307693	0.6666666666666666
4	0.07692307692307693	0.5
5	0.07692307692307693	0.4
6	0.11538461538461539	0.5
7	0.15384615384615385	0.5714285714285714
8	0.15384615384615385	0.5
9	0.15384615384615385	0.4444444444444444
10	0.19230769230769232	0.5
11	0.23076923076923078	0.5454545454545454
12	0.23076923076923078	0.5
13	0.23076923076923078	0.46153846153846156
14	0.23076923076923078	0.42857142857142855
15	0.23076923076923078	0.4
16	0.23076923076923078	0.375
17	0.23076923076923078	0.35294117647058826
18	0.23076923076923078	0.3333333333333333
19	0.23076923076923078	0.3157894736842105
20	0.23076923076923078	0.3
21	0.23076923076923078	0.2857142857142857
22	0.23076923076923078	0.2727272727272727
23	0.2692307692307692	0.30434782608695654
24	0.2692307692307692	0.2916666666666667
25	0.2692307692307692	0.28
26	0.2692307692307692	0.2692307692307692
27	0.2692307692307692	0.25925925925925924
28	0.2692307692307692	0.25
29	0.2692307692307692	0.2413793103448276
30	0.3076923076923077	0.26666666666666666
