1	0.1111111111111111	1.0
2	0.1111111111111111	0.5
3	0.1111111111111111	0.3333333333333333
4	0.2222222222222222	0.5
5	0.2222222222222222	0.4
6	0.3333333333333333	0.5
7	0.3333333333333333	0.42857142857142855
8	0.3333333333333333	0.375
9	0.3333333333333333	0.3333333333333333
10	0.4444444444444444	0.4
11	0.4444444444444444	0.36363636363636365
12	0.5555555555555556	0.4166666666666667
13	0.5555555555555556	0.38461538461538464
14	0.5555555555555556	0.35714285714285715
15	0.5555555555555556	0.3333333333333333
16	0.5555555555555556	0.3125
17	0.5555555555555556	0.29411764705882354
18	0.5555555555555556	0.2777777777777778
19	0.5555555555555556	0.2631578947368421
20	0.5555555555555556	0.25
21	0.5555555555555556	0.23809523809523808
22	0.5555555555555556	0.22727272727272727
23	0.6666666666666666	0.2608695652173913
24	0.7777777777777778	0.2916666666666667
25	0.7777777777777778	0.28
26	0.8888888888888888	0.3076923076923077
27	0.8888888888888888	0.2962962962962963
28	0.8888888888888888	0.2857142857142857
29	0.8888888888888888	0.27586206896551724
30	0.8888888888888888	0.26666666666666666
