1	0.058823529411764705	1.0
2	0.11764705882352941	1.0
3	0.11764705882352941	0.6666666666666666
4	0.11764705882352941	0.5
5	0.11764705882352941	0.4
6	0.17647058823529413	0.5
7	0.23529411764705882	0.5714285714285714
8	0.23529411764705882	0.5
9	0.23529411764705882	0.4444444444444444
10	0.23529411764705882	0.4
11	0.23529411764705882	0.36363636363636365
12	0.29411764705882354	0.4166666666666667
13	0.29411764705882354	0.38461538461538464
14	0.29411764705882354	0.35714285714285715
15	0.29411764705882354	0.3333333333333333
16	0.35294117647058826	0.375
17	0.35294117647058826	0.35294117647058826
18	0.35294117647058826	0.3333333333333333
19	0.35294117647058826	0.3157894736842105
20	0.35294117647058826	0.3
21	0.4117647058823529	0.3333333333333333
22	0.4117647058823529	0.3181818181818182
23	0.4117647058823529	0.30434782608695654
24	0.4117647058823529	0.2916666666666667
25	0.4117647058823529	0.28
26	0.4117647058823529	0.2692307692307692
27	0.47058823529411764	0.2962962962962963
28	0.47058823529411764	0.2857142857142857
29	0.47058823529411764	0.27586206896551724
30	0.47058823529411764	0.26666666666666666
