1	0.07142857142857142	1.0
2	0.14285714285714285	1.0
3	0.21428571428571427	1.0
4	0.21428571428571427	0.75
5	0.21428571428571427	0.6
6	0.21428571428571427	0.5
7	0.21428571428571427	0.42857142857142855
8	0.21428571428571427	0.375
9	0.21428571428571427	0.3333333333333333
10	0.21428571428571427	0.3
11	0.21428571428571427	0.2727272727272727
12	0.21428571428571427	0.25
13	0.21428571428571427	0.23076923076923078
14	0.21428571428571427	0.21428571428571427
15	0.21428571428571427	0.2
16	0.21428571428571427	0.1875
17	0.21428571428571427	0.17647058823529413
18	0.21428571428571427	0.16666666666666666
19	0.21428571428571427	0.15789473684210525
20	0.21428571428571427	0.15
21	0.21428571428571427	0.14285714285714285
22	0.2857142857142857	0.18181818181818182
23	0.2857142857142857	0.17391304347826086
24	0.2857142857142857	0.16666666666666666
25	0.2857142857142857	0.16
26	0.35714285714285715	0.19230769230769232
27	0.35714285714285715	0.18518518518518517
28	0.35714285714285715	0.17857142857142858
29	0.35714285714285715	0.1724137931034483
30	0.35714285714285715	0.16666666666666666
