1	0.012048192771084338	1.0
2	0.024096385542168676	1.0
3	0.03614457831325301	1.0
4	0.04819277108433735	1.0
5	0.060240963855421686	1.0
6	0.07228915662650602	1.0
7	0.08433734939759036	1.0
8	0.0963855421686747	1.0
9	0.10843373493975904	1.0
10	0.12048192771084337	1.0
11	0.13253012048192772	1.0
12	0.14457831325301204	1.0
13	0.1566265060240964	1.0
14	0.1686746987951807	1.0
15	0.18072289156626506	1.0
16	0.1927710843373494	1.0
17	0.20481927710843373	1.0
18	0.21686746987951808	1.0
19	0.2289156626506024	1.0
20	0.24096385542168675	1.0
21	0.25301204819277107	1.0
22	0.26506024096385544	1.0
23	0.27710843373493976	1.0
24	0.2891566265060241	1.0
25	0.30120481927710846	1.0
26	0.3132530120481928	1.0
27	0.3253012048192771	1.0
28	0.3373493975903614	1.0
29	0.3493975903614458	1.0
30	0.3614457831325301	1.0
