1	0.014492753623188406	1.0
2	0.014492753623188406	0.5
3	0.014492753623188406	0.3333333333333333
4	0.028985507246376812	0.5
5	0.028985507246376812	0.4
6	0.028985507246376812	0.3333333333333333
7	0.043478260869565216	0.42857142857142855
8	0.043478260869565216	0.375
9	0.057971014492753624	0.4444444444444444
10	0.057971014492753624	0.4
11	0.057971014492753624	0.36363636363636365
12	0.057971014492753624	0.3333333333333333
13	0.057971014492753624	0.3076923076923077
14	0.07246376811594203	0.35714285714285715
15	0.07246376811594203	0.3333333333333333
16	0.07246376811594203	0.3125
17	0.07246376811594203	0.29411764705882354
18	0.07246376811594203	0.2777777777777778
19	0.07246376811594203	0.2631578947368421
20	0.07246376811594203	0.25
21	0.07246376811594203	0.23809523809523808
22	0.08695652173913043	0.2727272727272727
23	0.10144927536231885	0.30434782608695654
24	0.10144927536231885	0.2916666666666667
25	0.11594202898550725	0.32
26	0.11594202898550725	0.3076923076923077
27	0.11594202898550725	0.2962962962962963
28	0.11594202898550725	0.2857142857142857
29	0.11594202898550725	0.27586206896551724
30	0.11594202898550725	0.26666666666666666
