1	0.0	0.0
2	0.015873015873015872	0.5
3	0.031746031746031744	0.6666666666666666
4	0.031746031746031744	0.5
5	0.047619047619047616	0.6
6	0.06349206349206349	0.6666666666666666
7	0.06349206349206349	0.5714285714285714
8	0.06349206349206349	0.5
9	0.07936507936507936	0.5555555555555556
10	0.09523809523809523	0.6
11	0.1111111111111111	0.6363636363636364
12	0.12698412698412698	0.6666666666666666
13	0.14285714285714285	0.6923076923076923
14	0.15873015873015872	0.7142857142857143
15	0.15873015873015872	0.6666666666666666
16	0.15873015873015872	0.625
17	0.15873015873015872	0.5882352941176471
18	0.1746031746031746	0.6111111111111112
19	0.19047619047619047	0.631578947368421
20	0.19047619047619047	0.6
21	0.20634920634920634	0.6190476190476191
22	0.2222222222222222	0.6363636363636364
23	0.23809523809523808	0.6521739130434783
24	0.25396825396825395	0.6666666666666666
25	0.25396825396825395	0.64
26	0.25396825396825395	0.6153846153846154
27	0.25396825396825395	0.5925925925925926
28	0.2698412698412698	0.6071428571428571
29	0.2698412698412698	0.5862068965517241
30	0.2698412698412698	0.5666666666666667
