1	0.019230769230769232	1.0
2	0.038461538461538464	1.0
3	0.057692307692307696	1.0
4	0.057692307692307696	0.75
5	0.07692307692307693	0.8
6	0.09615384615384616	0.8333333333333334
7	0.09615384615384616	0.7142857142857143
8	0.11538461538461539	0.75
9	0.11538461538461539	0.6666666666666666
10	0.11538461538461539	0.6
11	0.1346153846153846	0.6363636363636364
12	0.1346153846153846	0.5833333333333334
13	0.1346153846153846	0.5384615384615384
14	0.1346153846153846	0.5
15	0.1346153846153846	0.4666666666666667
16	0.1346153846153846	0.4375
17	0.1346153846153846	0.4117647058823529
18	0.1346153846153846	0.3888888888888889
19	0.15384615384615385	0.42105263157894735
20	0.15384615384615385	0.4
21	0.15384615384615385	0.38095238095238093
22	0.15384615384615385	0.36363636363636365
23	0.17307692307692307	0.391304347826087
24	0.17307692307692307	0.375
25	0.19230769230769232	0.4
26	0.21153846153846154	0.4230769230769231
27	0.23076923076923078	0.4444444444444444
28	0.23076923076923078	0.42857142857142855
29	0.23076923076923078	0.41379310344827586
30	0.23076923076923078	0.4
