1	0.01694915254237288	1.0
2	0.03389830508474576	1.0
3	0.05084745762711865	1.0
4	0.06779661016949153	1.0
5	0.0847457627118644	1.0
6	0.1016949152542373	1.0
7	0.11864406779661017	1.0
8	0.13559322033898305	1.0
9	0.15254237288135594	1.0
10	0.1694915254237288	1.0
11	0.1864406779661017	1.0
12	0.2033898305084746	1.0
13	0.22033898305084745	1.0
14	0.23728813559322035	1.0
15	0.2542372881355932	1.0
16	0.2711864406779661	1.0
17	0.288135593220339	1.0
18	0.3050847457627119	1.0
19	0.3220338983050847	1.0
20	0.3389830508474576	1.0
21	0.3559322033898305	1.0
22	0.3728813559322034	1.0
23	0.3898305084745763	1.0
24	0.4067796610169492	1.0
25	0.423728813559322	1.0
26	0.4406779661016949	1.0
27	0.4576271186440678	1.0
28	0.4745762711864407	1.0
29	0.4915254237288136	1.0
30	0.5084745762711864	1.0
