1	0.015384615384615385	1.0
2	0.03076923076923077	1.0
3	0.046153846153846156	1.0
4	0.06153846153846154	1.0
5	0.07692307692307693	1.0
6	0.09230769230769231	1.0
7	0.1076923076923077	1.0
8	0.12307692307692308	1.0
9	0.13846153846153847	1.0
10	0.15384615384615385	1.0
11	0.16923076923076924	1.0
12	0.18461538461538463	1.0
13	0.2	1.0
14	0.2153846153846154	1.0
15	0.23076923076923078	1.0
16	0.24615384615384617	1.0
17	0.26153846153846155	1.0
18	0.27692307692307694	1.0
19	0.2923076923076923	1.0
20	0.3076923076923077	1.0
21	0.3230769230769231	1.0
22	0.3384615384615385	1.0
23	0.35384615384615387	1.0
24	0.36923076923076925	1.0
25	0.38461538461538464	1.0
26	0.4	1.0
27	0.4153846153846154	1.0
28	0.4307692307692308	1.0
29	0.4461538461538462	1.0
30	0.46153846153846156	1.0
