1	0.05	1.0
2	0.1	1.0
3	0.15	1.0
4	0.15	0.75
5	0.2	0.8
6	0.2	0.6666666666666666
7	0.2	0.5714285714285714
8	0.25	0.625
9	0.25	0.5555555555555556
10	0.25	0.5
11	0.25	0.45454545454545453
12	0.25	0.4166666666666667
13	0.3	0.46153846153846156
14	0.35	0.5
15	0.35	0.4666666666666667
16	0.35	0.4375
17	0.35	0.4117647058823529
18	0.4	0.4444444444444444
19	0.4	0.42105263157894735
20	0.4	0.4
21	0.4	0.38095238095238093
22	0.4	0.36363636363636365
23	0.4	0.34782608695652173
24	0.4	0.3333333333333333
25	0.4	0.32
26	0.4	0.3076923076923077
27	0.45	0.3333333333333333
28	0.45	0.32142857142857145
29	0.45	0.3103448275862069
30	0.45	0.3
