1	0.030303030303030304	1.0
2	0.06060606060606061	1.0
3	0.09090909090909091	1.0
4	0.12121212121212122	1.0
5	0.12121212121212122	0.8
6	0.15151515151515152	0.8333333333333334
7	0.18181818181818182	0.8571428571428571
8	0.21212121212121213	0.875
9	0.21212121212121213	0.7777777777777778
10	0.21212121212121213	0.7
11	0.24242424242424243	0.7272727272727273
12	0.2727272727272727	0.75
13	0.2727272727272727	0.6923076923076923
14	0.2727272727272727	0.6428571428571429
15	0.30303030303030304	0.6666666666666666
16	0.3333333333333333	0.6875
17	0.3333333333333333	0.6470588235294118
18	0.3333333333333333	0.6111111111111112
19	0.3333333333333333	0.5789473684210527
20	0.36363636363636365	0.6
21	0.36363636363636365	0.5714285714285714
22	0.36363636363636365	0.5454545454545454
23	0.36363636363636365	0.5217391304347826
24	0.36363636363636365	0.5
25	0.36363636363636365	0.48
26	0.36363636363636365	0.46153846153846156
27	0.36363636363636365	0.4444444444444444
28	0.36363636363636365	0.42857142857142855
29	0.36363636363636365	0.41379310344827586
30	0.36363636363636365	0.4
