1	0.014492753623188406	1.0
2	0.028985507246376812	1.0
3	0.043478260869565216	1.0
4	0.057971014492753624	1.0
5	0.07246376811594203	1.0
6	0.08695652173913043	1.0
7	0.10144927536231885	1.0
8	0.11594202898550725	1.0
9	0.13043478260869565	1.0
10	0.14492753623188406	1.0
11	0.15942028985507245	1.0
12	0.17391304347826086	1.0
13	0.18840579710144928	1.0
14	0.2028985507246377	1.0
15	0.21739130434782608	1.0
16	0.2318840579710145	1.0
17	0.2463768115942029	1.0
18	0.2608695652173913	1.0
19	0.2753623188405797	1.0
20	0.2898550724637681	1.0
21	0.30434782608695654	1.0
22	0.3188405797101449	1.0
23	0.3333333333333333	1.0
24	0.34782608695652173	1.0
25	0.36231884057971014	1.0
26	0.37681159420289856	1.0
27	0.391304347826087	1.0
28	0.4057971014492754	1.0
29	0.42028985507246375	1.0
30	0.43478260869565216	1.0
