1	0.041666666666666664	1.0
2	0.08333333333333333	1.0
3	0.125	1.0
4	0.16666666666666666	1.0
5	0.20833333333333334	1.0
6	0.25	1.0
7	0.2916666666666667	1.0
8	0.3333333333333333	1.0
9	0.375	1.0
10	0.4166666666666667	1.0
11	0.4583333333333333	1.0
12	0.4583333333333333	0.9166666666666666
13	0.4583333333333333	0.8461538461538461
14	0.5	0.8571428571428571
15	0.5416666666666666	0.8666666666666667
16	0.5833333333333334	0.875
17	0.625	0.8823529411764706
18	0.6666666666666666	0.8888888888888888
19	0.7083333333333334	0.8947368421052632
20	0.75	0.9
21	0.7916666666666666	0.9047619047619048
22	0.7916666666666666	0.8636363636363636
23	0.8333333333333334	0.8695652173913043
24	0.875	0.875
25	0.875	0.84
26	0.875	0.8076923076923077
27	0.875	0.7777777777777778
28	0.875	0.75
29	0.875	0.7241379310344828
30	0.875	0.7
