1	0.009174311926605505	1.0
2	0.01834862385321101	1.0
3	0.027522935779816515	1.0
4	0.03669724770642202	1.0
5	0.045871559633027525	1.0
6	0.05504587155963303	1.0
7	0.05504587155963303	0.8571428571428571
8	0.06422018348623854	0.875
9	0.06422018348623854	0.7777777777777778
10	0.06422018348623854	0.7
11	0.07339449541284404	0.7272727272727273
12	0.07339449541284404	0.6666666666666666
13	0.07339449541284404	0.6153846153846154
14	0.08256880733944955	0.6428571428571429
15	0.08256880733944955	0.6
16	0.08256880733944955	0.5625
17	0.08256880733944955	0.5294117647058824
18	0.08256880733944955	0.5
19	0.08256880733944955	0.47368421052631576
20	0.09174311926605505	0.5
21	0.10091743119266056	0.5238095238095238
22	0.11009174311926606	0.5454545454545454
23	0.11009174311926606	0.5217391304347826
24	0.11926605504587157	0.5416666666666666
25	0.12844036697247707	0.56
26	0.12844036697247707	0.5384615384615384
27	0.12844036697247707	0.5185185185185185
28	0.12844036697247707	0.5
29	0.12844036697247707	0.4827586206896552
30	0.13761467889908258	0.5
